POP_BEST,POP_AVG,QUALS_CNT,SOL_CNT
346,18.014,0,0
346,281.999,0,0
348,263.738,0,0
370,285.24,0,0
371,303.688,0,0
371,306.109,0,0
371,314.351,0,0
389,312.994,0,0
424,319.698,0,0
424,324.98,0,0
424,324.039,0,0
424,324.768,0,0
432,328.548,0,0
432,330.799,0,0
432,323.61,0,0
437,327.932,0,0
437,327.702,0,0
437,327.478,0,0
486,327.924,0,0
486,323.695,0,0
488,327.761,0,0
488,332.142,0,0
488,328.9,0,0
492,333.179,0,0
512,327.952,0,0
512,333.485,0,0
514,329.198,0,0
523,328.982,0,0
529,329.036,0,0
529,328.046,0,0
529,326.176,0,0
529,333.687,0,0
529,334.563,0,0
529,341.177,0,0
529,335.935,0,0
532,345.046,0,0
532,347.527,0,0
532,342.127,0,0
532,347.801,0,0
532,347.202,0,0
532,351.119,0,0
532,359.415,0,0
546,360.762,0,0
550,366.522,0,0
559,375.256,0,0
616,376.124,0,0
616,383.81,0,0
616,389.488,0,0
616,394.166,0,0
616,397.623,0,0
616,397.266,0,0
683,401.129,0,0
683,405.318,0,0
683,412.539,0,0
683,410.82,0,0
683,416.56,0,0
683,415.229,0,0
683,422.428,0,0
747,431.731,0,0
747,437.557,0,0
747,456.539,0,0
747,461.304,0,0
748,466.822,0,0
748,454.153,0,0
803,455.073,0,0
804,466.444,0,0
804,471.343,0,0
808,482.797,0,0
820,489.223,0,0
820,481.743,0,0
870,478.232,0,0
871,480.918,0,0
874,514.014,0,0
875,516.338,0,0
875,512.604,0,0
875,514.888,0,0
875,520.207,0,0
875,517.372,0,0
875,522.262,0,0
875,532.839,0,0
875,509.578,0,0
875,522.153,0,0
889,538.53,0,0
889,521.252,0,0
889,533.109,0,0
890,516.719,0,0
890,510.273,0,0
890,529.997,0,0
890,503.294,0,0
890,497.235,0,0
890,521.18,0,0
890,528.309,0,0
890,524.972,0,0
890,521.072,0,0
890,512.264,0,0
890,520.583,0,0
890,525.549,0,0
890,513.219,0,0
890,525.072,0,0
890,522.752,0,0
890,528.476,0,0
890,537.843,0,0
890,517.436,0,0
890,505.46,0,0
890,540.316,0,0
890,529.379,0,0
890,512.292,0,0
890,537.955,0,0
890,526.876,0,0
890,532.35,0,0
890,526.247,0,0
890,526.376,0,0
890,531.793,0,0
890,533.319,0,0
890,528.194,0,0
890,531.005,0,0
890,537.722,0,0
890,551.718,0,0
890,535.314,0,0
890,526.447,0,0
890,524.998,0,0
890,523.208,0,0
890,520.82,0,0
890,521.982,0,0
890,525.973,0,0
890,535.265,0,0
890,530.322,0,0
890,526.595,0,0
890,529.406,0,0
890,544.187,0,0
890,516.517,0,0
890,534.721,0,0
890,532.642,0,0
890,533.179,0,0
890,528.503,0,0
890,531.027,0,0
890,531.049,0,0
890,545.636,0,0
890,521.036,0,0
890,525.01,0,0
890,516.642,0,0
890,520.822,0,0
890,528.739,0,0
890,531.404,0,0
890,522.775,0,0
890,531.82,0,0
890,531.779,0,0
890,520.084,0,0
890,516.227,0,0
890,528.601,0,0
890,520.292,0,0
890,540.538,0,0
890,529.473,0,0
890,529.113,0,0
890,523.724,0,0
890,524.47,0,0
890,535.228,0,0
890,503.9,0,0
890,511.537,0,0
890,535.702,0,0
890,561.144,0,0
919,569.979,0,0
919,586.748,0,0
919,565.41,0,0
919,574.375,0,0
919,572.724,0,0
993,576.911,0,0
993,600.78,0,0
993,617.061,0,0
993,646.202,0,0
993,640.873,0,0
993,640.04,0,0
993,627.204,0,0
993,631.975,0,0
993,643.592,0,0
993,629.031,0,0
993,612.877,0,0
993,657.95,0,0
993,627.134,0,0
993,616.82,0,0
993,635.285,0,0
993,642.091,0,0
993,648.313,0,0
995,630.918,0,0
995,659.486,0,0
994,646.42,0,0
994,643.096,0,0
996,650.804,0,0
996,665.174,0,0
996,671.146,0,0
996,674.073,0,0
996,670.92,0,0
996,687.334,0,0
996,699.708,0,0
996,654.957,0,0
996,667.406,0,0
996,667.221,0,0
996,655.523,0,0
996,654.539,0,0
996,659.328,0,0
996,673.836,0,0
996,661.773,0,0
996,683.992,0,0
996,663.224,0,0
996,672.97,0,0
996,644.239,0,0
996,683.814,0,0
996,663.818,0,0
996,662.904,0,0
996,674.321,0,0
996,659.531,0,0
996,662.618,0,0
996,660.146,0,0
996,659.413,0,0
996,648.494,0,0
996,644.42,0,0
996,648.286,0,0
993,652.4,0,0
993,665.643,0,0
993,654.326,0,0
995,666.378,0,0
995,656.296,0,0
995,654.794,0,0
995,654.013,0,0
995,674.004,0,0
995,663.44,0,0
995,675.716,0,0
995,676.173,0,0
995,654.231,0,0
995,669.276,0,0
995,657.973,0,0
995,668.745,0,0
995,671.461,0,0
995,658.514,0,0
995,652.23,0,0
995,681.747,0,0
995,644.171,0,0
995,679.471,0,0
995,673.362,0,0
995,664.151,0,0
995,657.631,0,0
995,647.788,0,0
995,652.201,0,0
995,658.314,0,0
995,656.921,0,0
995,666.329,0,0
995,664.589,0,0
995,650.496,0,0
995,648.784,0,0
995,646.74,0,0
995,646.149,0,0
995,638.85,0,0
995,651.298,0,0
995,664.886,0,0
995,660.111,0,0
995,654.658,0,0
995,661.334,0,0
995,644.451,0,0
995,652.304,0,0
995,660.918,0,0
995,684.841,0,0
995,675.531,0,0
995,667.569,0,0
995,659.44,0,0
995,653.13,0,0
995,643.77,0,0
995,662.764,0,0
995,663.28,0,0
995,653.102,0,0
995,649.697,0,0
995,655.967,0,0
995,647.13,0,0
995,657.046,0,0
995,664.585,0,0
995,651.822,0,0
995,669.454,0,0
995,661.252,0,0
995,649.607,0,0
995,649.145,0,0
995,654.191,0,0
995,656.6,0,0
995,636.894,0,0
996,658.499,0,0
996,663.423,0,0
996,648.104,0,0
996,661.755,0,0
996,644.297,0,0
996,647.411,0,0
996,651.856,0,0
996,644.314,0,0
996,650.84,0,0
996,652.134,0,0
996,661.051,0,0
996,645.652,0,0
996,653.941,0,0
996,638.774,0,0
996,641.53,0,0
996,618.449,0,0
996,645.435,0,0
996,650.961,0,0
996,657.888,0,0
996,646.788,0,0
996,650.286,0,0
996,656.471,0,0
996,650.91,0,0
996,644.168,0,0
996,656.757,0,0
996,650.877,0,0
996,653.37,0,0
996,663.794,0,0
996,662.174,0,0
996,649.225,0,0
996,656.918,0,0
996,647.459,0,0
996,646.049,0,0
996,639.657,0,0
996,649.508,0,0
996,645.322,0,0
996,637.892,0,0
996,642.759,0,0
996,649.504,0,0
995,662.168,0,0
995,637.881,0,0
995,644.844,0,0
995,649.111,0,0
995,655.011,0,0
995,643.502,0,0
995,652.058,0,0
995,660.665,0,0
995,658.016,0,0
995,660.531,0,0
995,646.371,0,0
995,655.578,0,0
995,633.972,0,0
995,646.248,0,0
995,649.326,0,0
995,656.973,0,0
995,674.694,0,0
995,663.992,0,0
995,647.168,0,0
995,641.922,0,0
995,654.94,0,0
995,634.045,0,0
995,645.11,0,0
995,631.324,0,0
995,660.464,0,0
995,639.35,0,0
995,654.075,0,0
995,654.397,0,0
995,651.677,0,0
995,652.899,0,0
995,653.462,0,0
995,667.7,0,0
995,663.847,0,0
995,670.483,0,0
995,640.707,0,0
995,650.969,0,0
995,637.054,0,0
995,655.507,0,0
995,648.594,0,0
995,651.424,0,0
995,641.269,0,0
995,639.982,0,0
995,658.805,0,0
995,642.607,0,0
995,653.346,0,0
995,648.043,0,0
995,644.964,0,0
995,638.467,0,0
995,633.071,0,0
995,656.117,0,0
995,646.885,0,0
995,651.636,0,0
995,655.117,0,0
995,654.433,0,0
995,650.663,0,0
995,657.354,0,0
995,669.554,0,0
995,642.879,0,0
995,639.875,0,0
995,655.103,0,0
995,646.989,0,0
995,649.892,0,0
995,660.282,0,0
995,650.416,0,0
995,650.144,0,0
995,659.766,0,0
995,642.212,0,0
995,663.447,0,0
995,640.32,0,0
995,644.388,0,0
995,639.978,0,0
995,648.472,0,0
995,655.837,0,0
995,639.024,0,0
995,656.405,0,0
995,642.837,0,0
995,639.763,0,0
995,625.809,0,0
997,652.375,0,0
997,647.752,0,0
997,622.31,0,0
997,615.276,0,0
997,626.578,0,0
997,628.52,0,0
997,628.272,0,0
997,620.811,0,0
997,625.034,0,0
997,638.361,0,0
997,650.567,0,0
997,648.268,0,0
997,627.779,0,0
997,646.725,0,0
997,639.583,0,0
997,648.853,0,0
997,645.19,0,0
997,648.257,0,0
997,657.527,0,0
997,666.307,0,0
997,658.337,0,0
997,630.734,0,0
997,647.571,0,0
997,655.661,0,0
997,633.783,0,0
997,662.354,0,0
997,661.244,0,0
997,645.681,0,0
997,634.993,0,0
997,657.615,0,0
997,643.51,0,0
997,651.948,0,0
997,658.596,0,0
997,648.004,0,0
997,655.459,0,0
997,649.278,0,0
997,656.961,0,0
997,657.569,0,0
997,643.827,0,0
997,649.911,0,0
997,653.916,0,0
997,649.33,0,0
997,652.132,0,0
997,645.202,0,0
997,658.91,0,0
997,655.079,0,0
997,654.571,0,0
997,655.371,0,0
997,658.831,0,0
997,649.596,0,0
997,660.126,0,0
997,667.393,0,0
997,655.985,0,0
997,669.487,0,0
997,675.7,0,0
997,640.66,0,0
997,662.572,0,0
997,661.964,0,0
997,657.591,0,0
997,655.055,0,0
997,655.445,0,0
997,663.78,0,0
997,653.023,0,0
997,640.516,0,0
997,658.388,0,0
997,651.872,0,0
997,654.791,0,0
997,660.543,0,0
997,644.932,0,0
997,656.343,0,0
997,630.427,0,0
997,656.706,0,0
997,651.576,0,0
997,667.006,0,0
997,662.674,0,0
997,642.409,0,0
997,659.488,0,0
997,651.034,0,0
997,674.245,0,0
997,650.84,0,0
997,636.122,0,0
997,653.002,0,0
997,654.824,0,0
997,639.456,0,0
997,672.19,0,0
997,668.168,0,0
997,653.392,0,0
997,668.606,0,0
997,652.837,0,0
997,652.826,0,0
997,649.284,0,0
997,653.953,0,0
997,654.658,0,0
997,627.17,0,0
997,658.515,0,0
997,661.274,0,0
997,664.793,0,0
997,652.843,0,0
997,662.998,0,0
997,630.885,0,0
997,668.414,0,0
997,652.082,0,0
997,646.257,0,0
997,655.466,0,0
997,649.406,0,0
997,660.684,0,0
997,664.742,0,0
997,669.984,0,0
997,652.111,0,0
997,665.196,0,0
997,652.646,0,0
997,670.014,0,0
997,657.841,0,0
997,654.541,0,0
997,661.079,0,0
997,650.901,0,0
997,641.029,0,0
997,653.831,0,0
997,648.715,0,0
997,648.624,0,0
997,640.975,0,0
997,644.269,0,0
997,663.933,0,0
997,654.934,0,0
997,642.612,0,0
997,651.404,0,0
997,640.499,0,0
997,664.504,0,0
997,666.132,0,0
997,665.806,0,0
997,662.249,0,0
997,662.076,0,0
997,665.418,0,0
997,661.795,0,0
997,661.242,0,0
997,643.695,0,0
997,661.283,0,0
997,660.112,0,0
997,647.982,0,0
997,647.632,0,0
997,662.125,0,0
997,667.728,0,0
997,641.566,0,0
997,649.508,0,0
997,645.364,0,0
997,663.437,0,0
997,659.647,0,0
997,655.371,0,0
997,642.974,0,0
997,664.103,0,0
997,669.365,0,0
997,676.31,0,0
997,659.853,0,0
997,663.327,0,0
997,661.673,0,0
997,634.171,0,0
997,658.817,0,0
997,657.211,0,0
997,660.813,0,0
997,665.42,0,0
997,653.264,0,0
997,643.784,0,0
997,650.996,0,0
997,655.194,0,0
997,647.372,0,0
997,661.362,0,0
997,654.752,0,0
997,649.507,0,0
997,651.394,0,0
997,658.683,0,0
997,654.621,0,0
997,654.756,0,0
997,673.05,0,0
997,640.261,0,0
997,659.973,0,0
997,656.792,0,0
997,656.63,0,0
997,646.385,0,0
997,671.339,0,0
997,651.777,0,0
997,643.332,0,0
997,667.294,0,0
997,656.014,0,0
997,654.394,0,0
997,664.962,0,0
997,662.401,0,0
997,661.405,0,0
997,654.01,0,0
997,665.825,0,0
997,646.17,0,0
997,657.509,0,0
997,662.796,0,0
997,664.377,0,0
997,651.569,0,0
997,651.82,0,0
997,660.392,0,0
997,663.377,0,0
997,670.327,0,0
997,660.577,0,0
997,669.736,0,0
997,662.25,0,0
997,669.002,0,0
997,667.62,0,0
997,658.522,0,0
997,659.306,0,0
997,665.988,0,0
997,660.71,0,0
997,666.129,0,0
997,656.283,0,0
997,659.881,0,0
997,636.004,0,0
997,661.295,0,0
997,685.785,0,0
997,647.126,0,0
997,672.756,0,0
997,671.228,0,0
997,657.013,0,0
997,649.9,0,0
997,668.033,0,0
997,659.644,0,0
997,658.284,0,0
997,660.327,0,0
997,669.48,0,0
997,641.827,0,0
997,662.515,0,0
997,658.018,0,0
997,659.826,0,0
997,654.693,0,0
997,656.566,0,0
997,663.179,0,0
997,669.374,0,0
997,672.012,0,0
997,668.626,0,0
997,670.907,0,0
997,676.396,0,0
997,653.776,0,0
997,670.87,0,0
997,657.236,0,0
997,666.414,0,0
997,666.968,0,0
997,666.651,0,0
997,675.853,0,0
997,678.774,0,0
997,675.632,0,0
997,660.286,0,0
997,661.316,0,0
997,675.461,0,0
997,675.594,0,0
997,668.944,0,0
997,680.387,0,0
997,653.306,0,0
997,672.043,0,0
997,662.737,0,0
997,666.052,0,0
997,678.411,0,0
997,658.093,0,0
997,671.321,0,0
997,664.331,0,0
997,649.713,0,0
997,663.685,0,0
997,650.33,0,0
997,657.597,0,0
997,659.295,0,0
997,666.774,0,0
997,662.559,0,0
997,662.245,0,0
997,662.041,0,0
997,670.081,0,0
997,651.904,0,0
997,680.824,0,0
997,661.797,0,0
997,649.576,0,0
997,655.378,0,0
997,659.682,0,0
997,630.846,0,0
997,646.275,0,0
997,664.102,0,0
997,677.628,0,0
997,666.449,0,0
997,662.114,0,0
997,673.492,0,0
997,660.353,0,0
997,683.307,0,0
997,653.237,0,0
997,659.766,0,0
997,671.272,0,0
997,664.411,0,0
997,670.381,0,0
997,652.183,0,0
997,647.857,0,0
997,666.702,0,0
997,657.463,0,0
997,659.371,0,0
997,653.801,0,0
997,674.955,0,0
997,655.534,0,0
997,652.291,0,0
997,649.893,0,0
997,646.331,0,0
997,637.112,0,0
997,634.112,0,0
997,633.552,0,0
997,620.098,0,0
997,622.609,0,0
997,635.462,0,0
997,628.371,0,0
997,643.379,0,0
997,631.133,0,0
997,644.567,0,0
997,654.634,0,0
997,663.497,0,0
997,632.277,0,0
997,643.013,0,0
997,669.45,0,0
997,659.804,0,0
997,658.195,0,0
997,661.171,0,0
997,655.877,0,0
997,657.053,0,0
997,636.445,0,0
997,660.37,0,0
997,666.129,0,0
997,653.221,0,0
997,665.124,0,0
997,649.596,0,0
997,637.529,0,0
997,650.549,0,0
997,661.954,0,0
997,644.693,0,0
996,671.971,0,0
997,646.673,0,0
997,660.032,0,0
997,650.049,0,0
997,650.016,0,0
997,647.995,0,0
997,639.877,0,0
997,661.998,0,0
997,660.739,0,0
997,655.667,0,0
997,646.195,0,0
997,650.926,0,0
997,651.996,0,0
997,626.694,0,0
997,660.198,0,0
997,653.71,0,0
997,655.256,0,0
997,642.777,0,0
997,649.953,0,0
997,660.717,0,0
997,658.584,0,0
997,653.009,0,0
997,657.247,0,0
997,670.925,0,0
997,647.417,0,0
997,654.25,0,0
997,659.35,0,0
997,665.335,0,0
997,657.591,0,0
997,636.576,0,0
997,625.962,0,0
997,652.817,0,0
997,643.696,0,0
997,660.387,0,0
997,651.246,0,0
997,655.448,0,0
997,641.583,0,0
997,648.358,0,0
997,658.031,0,0
997,666.57,0,0
997,665.343,0,0
997,663.159,0,0
997,666.882,0,0
997,669.423,0,0
997,670.565,0,0
997,662.148,0,0
997,661.055,0,0
997,674.937,0,0
997,668.369,0,0
997,639.746,0,0
997,669.667,0,0
997,657.909,0,0
997,663.315,0,0
997,661.746,0,0
997,658.105,0,0
997,649.041,0,0
997,652.127,0,0
997,659.273,0,0
997,658.424,0,0
997,664.809,0,0
997,674.803,0,0
997,636.03,0,0
997,641.904,0,0
997,660.483,0,0
997,649.042,0,0
997,652.813,0,0
997,653.217,0,0
997,660.504,0,0
997,650.858,0,0
997,646.971,0,0
997,647.098,0,0
997,652.551,0,0
997,649.793,0,0
997,665.81,0,0
997,667.337,0,0
997,649.942,0,0
997,656.519,0,0
997,657.43,0,0
997,657.296,0,0
997,673.446,0,0
997,666.604,0,0
997,644.773,0,0
997,669.598,0,0
997,661.199,0,0
997,678.414,0,0
997,654.873,0,0
997,658.689,0,0
997,680.485,0,0
997,660.624,0,0
997,664.089,0,0
997,681.704,0,0
997,656.283,0,0
997,658.945,0,0
997,681.426,0,0
997,655.6,0,0
997,677.383,0,0
997,653.102,0,0
997,673.405,0,0
997,640.829,0,0
997,653.208,0,0
997,650.88,0,0
997,646.125,0,0
997,648.096,0,0
997,632.807,0,0
997,650.034,0,0
997,643.626,0,0
997,655.016,0,0
997,649.172,0,0
997,653.226,0,0
997,638.237,0,0
997,662.833,0,0
997,654.426,0,0
997,686.605,0,0
997,669.974,0,0
997,670.901,0,0
997,667.468,0,0
997,671.368,0,0
997,664.575,0,0
997,669.644,0,0
997,657.952,0,0
997,644.863,0,0
997,658.897,0,0
997,634.585,0,0
997,668.925,0,0
997,659.34,0,0
997,652.835,0,0
997,657.074,0,0
997,648.582,0,0
997,670.952,0,0
997,647.631,0,0
997,665.57,0,0
997,666.668,0,0
997,653.279,0,0
997,657.787,0,0
997,655.14,0,0
997,652.448,0,0
997,650.758,0,0
997,660.549,0,0
997,663.527,0,0
997,640.925,0,0
997,643.815,0,0
997,658.401,0,0
997,655.343,0,0
997,680.597,0,0
997,663.877,0,0
997,646.608,0,0
997,660.733,0,0
997,662.755,0,0
997,668.254,0,0
997,668.037,0,0
997,689.503,0,0
997,666.001,0,0
997,670.516,0,0
997,658.079,0,0
997,665.509,0,0
997,675.209,0,0
997,649.744,0,0
997,655.229,0,0
997,653.224,0,0
997,677.084,0,0
997,658.54,0,0
997,667.875,0,0
997,663.528,0,0
997,661.444,0,0
997,674.369,0,0
997,666.816,0,0
997,669.116,0,0
997,656.173,0,0
997,672.414,0,0
997,651.004,0,0
997,686.589,0,0
997,673.787,0,0
997,677.199,0,0
997,662.758,0,0
997,676.61,0,0
997,670.074,0,0
997,662.499,0,0
997,659.455,0,0
997,656.888,0,0
997,679.733,0,0
997,664.42,0,0
997,657.609,0,0
997,650.092,0,0
997,659.02,0,0
997,670.173,0,0
997,670.624,0,0
997,668.587,0,0
997,646.626,0,0
997,693.264,0,0
997,661.323,0,0
997,684.546,0,0
997,663.195,0,0
997,670.048,0,0
997,654.379,0,0
997,664.094,0,0
997,644.232,0,0
997,656.288,0,0
997,684.641,0,0
997,667.415,0,0
997,674.844,0,0
997,681.084,0,0
997,672.849,0,0
997,676.779,0,0
997,662.78,0,0
997,678.034,0,0
997,666.919,0,0
997,665.191,0,0
997,676.69,0,0
997,668.23,0,0
997,672.509,0,0
997,682.268,0,0
997,639.852,0,0
997,664.126,0,0
997,679.726,0,0
997,682.183,0,0
997,682.877,0,0
997,673.634,0,0
997,668.567,0,0
997,675.162,0,0
997,672.109,0,0
997,683.231,0,0
997,677.118,0,0
997,687.581,0,0
997,652.275,0,0
997,681.828,0,0
997,669.787,0,0
997,657.074,0,0
997,689.332,0,0
997,676.25,0,0
997,671.396,0,0
997,659.451,0,0
997,667.902,0,0
997,678.83,0,0
997,655.061,0,0
997,679.986,0,0
997,670.953,0,0
997,680.669,0,0
997,673.275,0,0
997,668.022,0,0
997,668.62,0,0
997,671.715,0,0
997,682.837,0,0
997,674.885,0,0
997,671.084,0,0
997,672.917,0,0
997,670.348,0,0
997,674.67,0,0
997,662.466,0,0
997,676.981,0,0
997,673.933,0,0
997,658.275,0,0
997,676.067,0,0
997,658.668,0,0
997,643.299,0,0
997,689.352,0,0
997,650.594,0,0
997,663.266,0,0
997,681.492,0,0
997,675.458,0,0
997,673.763,0,0
997,671.095,0,0
997,668.562,0,0
997,673.879,0,0
997,689.194,0,0
997,671.587,0,0
997,666.927,0,0
997,677.409,0,0
997,668.76,0,0
997,676.847,0,0
997,690.953,0,0
997,659.59,0,0
997,676.73,0,0
997,676.554,0,0
997,682.198,0,0
997,667.687,0,0
997,697.907,0,0
997,693.752,0,0
997,659.778,0,0
997,682.524,0,0
997,678.001,0,0
997,684.682,0,0
997,676.627,0,0
997,682.58,0,0
997,652.173,0,0
997,678.2,0,0
997,664.604,0,0
997,686.216,0,0
997,669.927,0,0
997,688.451,0,0
997,656.809,0,0
997,682.248,0,0
997,658.058,0,0
997,669.097,0,0
997,672.142,0,0
997,682.134,0,0
997,675.979,0,0
997,667.846,0,0
997,677.143,0,0
997,681.144,0,0
997,653.07,0,0
997,668.267,0,0
997,672.69,0,0
997,664.196,0,0
997,647.665,0,0
997,676.078,0,0
997,666.262,0,0
997,660.908,0,0
997,663.905,0,0
997,648.998,0,0
997,660.071,0,0
997,673.84,0,0
997,676.848,0,0
997,645.1,0,0
997,662.31,0,0
997,660.963,0,0
998,649.765,0,0
998,649.218,0,0
998,676.94,0,0
998,649.315,0,0
998,658.412,0,0
998,669.336,0,0
998,653.503,0,0
998,647.486,0,0
998,629.888,0,0
998,647.752,0,0
998,641.777,0,0
998,655.828,0,0
998,640.901,0,0
998,646.774,0,0
998,655.015,0,0
997,653.793,0,0
997,641.787,0,0
997,644.73,0,0
997,657.855,0,0
997,658.257,0,0
997,654.636,0,0
997,661.202,0,0
997,658.268,0,0
997,658.512,0,0
997,640.247,0,0
997,677.539,0,0
997,650.358,0,0
997,662.625,0,0
997,665.722,0,0
997,670.579,0,0
997,648.266,0,0
997,658.454,0,0
997,656.61,0,0
997,676.212,0,0
997,664.429,0,0
997,660.108,0,0
997,648.323,0,0
997,648.312,0,0
997,639.077,0,0
997,661.205,0,0
997,664.533,0,0
997,658.107,0,0
997,683.816,0,0
997,673.672,0,0
997,669.703,0,0
997,652.722,0,0
997,663.171,0,0
997,682.868,0,0
997,672.334,0,0
998,672.669,0,0
998,678.499,0,0
999,678.612,0,0
999,642.561,0,0
999,638.252,0,0
999,650.858,0,0
999,641.222,0,0
999,659.059,0,0
999,661.419,0,0
999,661.978,0,0
999,655.152,0,0
999,666.749,0,0
999,660.18,0,0
999,685.013,0,0
999,654.765,0,0
999,684.66,0,0
999,668.5,0,0
999,672.447,0,0
999,645.291,0,0
999,664.04,0,0
999,634.608,0,0
999,642.507,0,0
999,642.417,0,0
999,643.195,0,0
999,650.85,0,0
999,653.513,0,0
999,641.893,0,0
999,642.151,0,0
999,644.891,0,0
999,650.954,0,0
999,665.761,0,0
1000,650.227,1,0
999,673.001,0,0
999,653.601,0,0
999,660.828,0,0
999,670.495,0,0
999,643.652,0,0
999,668.774,0,0
999,664.076,0,0
999,663.707,0,0
999,664.824,0,0
999,678.069,0,0
999,654.657,0,0
1000,660.145,7,0
1000,664.761,41,0
1000,694.859,266,0
1000,684.509,231,0
1000,683.246,218,0
1000,692.664,244,0
1000,688.065,207,0
1000,684.234,222,0
1000,666.445,255,0
1000,671.864,241,0
1000,695.341,233,0
1000,699.015,241,0
1000,677.437,211,0
1000,673.808,232,0
1000,680.885,221,0
1000,677.316,226,0
1000,685.522,217,0
1000,672.734,249,0
1000,702.331,294,0
1000,687.459,266,0
1000,685.966,236,0
1000,680.828,226,0
1000,671.267,229,0
1000,670.925,175,0
1000,690.903,169,0
1000,675.396,241,0
1000,671.932,217,0
1000,683.635,245,0
1000,691.224,265,0
1000,679.44,214,0
1000,681.747,235,0
1000,669.625,250,0
1000,673.032,253,0
1000,670.967,201,0
1000,673.041,229,0
1000,683.778,254,0
1000,682.842,263,0
1000,691.498,241,0
1000,692.213,217,0
1000,690.311,206,0
1000,677.057,180,0
1000,675.457,219,0
1000,681.92,243,0
1000,682.855,202,0
1000,689.646,244,0
1000,697.669,231,0
1000,679.709,237,0
1000,680.71,256,0
1000,675.108,257,0
1000,676.228,275,0
1000,674.769,234,0
1000,680.744,257,0
1000,686.744,227,0
1000,695.698,262,0
1000,673.14,262,0
1000,680.833,245,0
1000,678.31,239,0
1000,673.92,235,0
1000,681.703,261,0
1000,668.322,223,0
1000,674.641,262,0
1000,681.36,235,0
1000,671.136,233,0
1000,696.615,300,0
1000,684.921,264,0
1000,678.803,248,0
1000,663.964,231,0
1000,669.439,258,0
1000,687.458,284,0
1000,687.201,231,0
1000,664.138,256,0
1000,681.481,235,0
1000,676.001,254,0
1000,670.371,236,0
1000,676.846,239,0
1000,653.037,235,0
1000,673.76,264,0
1000,672.576,285,0
1000,680.278,278,0
1000,675.923,251,0
1000,657.9,196,0
1000,672.972,189,0
1000,665.294,254,0
1000,683.782,259,0
1000,672.936,258,0
1000,661.579,250,0
1000,658.53,205,0
1000,673.673,175,0
1000,668.706,269,0
1000,667.638,279,0
1000,665.79,207,0
1000,682.568,199,0
1000,663.657,173,0
1000,678.5,218,0
1000,678.932,283,0
1000,676.777,238,0
1000,675.487,204,0
1000,677.474,264,0
1000,670.354,199,0
1000,674.525,214,0
1000,676.701,218,0
1000,662.606,258,0
1000,673.03,240,0
1000,684.534,197,0
1000,667.141,202,0
1000,669.146,187,0
1000,654.25,215,0
1000,667.962,176,0
1000,671.627,249,0
1000,667.556,265,0
1000,659.102,194,0
1000,666.97,285,0
1000,663.421,226,0
1000,669.798,209,0
1000,683.321,264,0
1000,671.087,235,0
1000,665.329,275,0
1000,685.369,273,0
1000,671.485,233,0
1000,671.687,282,0
1000,670.201,236,0
1000,668.366,209,0
1000,657.186,188,0
1000,684.113,216,0
1000,680.7,260,0
1000,663.626,234,0
1000,677.151,243,0
1000,667.337,216,0
1000,669.544,261,0
1000,674.116,256,0
1000,662.262,215,0
1000,678.54,267,0
1000,677.459,273,0
1000,664.638,228,0
1000,674.771,188,0
1000,685.328,276,0
1000,681.491,279,0
1000,657.307,207,0
1000,679.162,312,0
1000,671.619,241,0
1000,670.307,213,0
1000,669.318,205,0
1000,672.278,193,0
1000,679.585,210,0
1000,683.623,181,0
1000,663.593,208,0
1000,678.858,198,0
1000,676.257,186,0
1000,675.478,293,0
1000,690.915,292,0
1000,674.129,232,0
1000,661.775,274,0
1000,681.908,288,0
1000,678.964,297,0
1000,665.775,234,0
1000,676.499,274,0
1000,663.107,278,0
1000,679.114,289,0
1000,670.208,253,0
1000,660.416,224,0
1000,693.689,280,0
1000,689.601,279,0
1000,665.198,213,0
1000,661.231,258,0
1000,663.071,266,0
1000,673.151,264,0
1000,672.407,271,0
1000,686.36,292,0
1000,674.414,271,0
1000,678.062,279,0
1000,683.09,271,0
1000,667.615,272,0
1000,693.87,301,0
1000,689.662,294,0
1000,673.992,258,0
1000,657.129,242,0
1000,689.027,260,0
1000,680.042,268,0
1000,657.11,232,0
1000,662.626,251,0
1000,664.469,258,0
1000,668.838,230,0
1000,667.264,268,0
1000,682.43,274,0
1000,673.332,246,0
1000,668.434,230,0
1000,684.265,317,0
1000,676.692,280,0
1000,682.382,290,0
1000,694.224,251,0
1000,679.529,247,0
1000,684.664,286,0
1000,684.668,285,0
1000,681.731,287,0
1000,687.327,275,0
1000,677.653,282,0
1000,680.583,298,0
1000,676.589,292,0
1000,687.12,269,0
1000,680.144,273,0
1000,648.134,260,0
1000,680.404,236,0
1000,675.305,275,0
1000,651.309,235,0
1000,659.201,277,0
1000,681.519,281,0
1000,668.336,295,0
1000,678.717,289,0
1000,689.325,276,0
1000,682.717,288,0
1000,689.089,301,0
1000,663.693,252,0
1000,678.916,313,0
1000,651.741,250,0
1000,675.139,279,0
1000,669.356,272,0
1000,664.885,253,0
1000,668.332,216,0
1000,674.471,272,0
1000,679.338,292,0
1000,672.466,244,0
1000,658.699,250,0
1000,664.112,232,0
1000,681.148,273,0
1000,664.972,244,0
1000,667.322,208,0
1000,665.426,248,0
1000,681.848,274,0
1000,675.472,275,0
1000,663.568,231,0
1000,677.172,237,0
1000,665.63,252,0
1000,669.832,279,0
1000,692.539,252,0
1000,676.901,285,0
1000,665.969,274,0
1000,678.662,307,0
1000,667.693,278,0
1000,687.194,299,0
1000,682.757,288,0
1000,662.943,261,0
1000,672.502,279,0
1000,671.145,269,0
1000,685.264,295,0
1000,671.728,267,0
1000,668.166,245,0
1000,673.485,240,0
1000,665.409,195,0
1000,656.537,263,0
1000,688.076,273,0
1000,682.574,263,0
1000,693.226,315,0
1000,677.269,252,0
1000,674.402,269,0
1000,666.323,221,0
1000,663.69,250,0
1000,674.724,269,0
1000,662.279,255,0
1000,663.695,202,0
1000,669.787,254,0
1000,664.623,247,0
1000,676.983,270,0
1000,674.464,261,0
1000,659.196,224,0
1000,651.909,204,0
1000,683.635,290,0
1000,651.155,260,0
1000,661.641,251,0
1000,678.026,206,0
1000,668.297,298,0
1000,667.494,283,0
1000,652.97,245,0
1000,666.089,217,0
1000,671.391,216,0
1000,658.952,287,0
1000,669.441,281,0
1000,662.102,273,0
1000,665.108,288,0
1000,680.743,296,0
1000,664.008,266,0
1000,664.321,249,0
1000,669.964,296,0
1000,679.557,230,0
1000,686.124,222,0
1000,687.044,186,0
1000,668.14,235,0
1000,667.474,220,0
1000,681.329,259,0
1000,667.468,280,0
1000,670.702,269,0
1000,649.188,233,0
1000,674.988,289,0
1000,667.213,261,0
1000,676.15,275,0
1000,663.222,275,0
1000,671.09,272,0
1000,673.492,265,0
1000,669.621,238,0
1000,664.666,266,0
1000,678.625,264,0
1000,667.182,265,0
1000,659.063,248,0
1000,683.361,281,0
1000,660.878,219,0
1000,663.408,199,0
1000,679.567,305,0
1000,673.786,304,0
1000,663.871,286,0
1000,674.291,303,0
1000,665.021,264,0
1000,650.33,273,0
1000,676.795,291,0
1000,660.57,285,0
1000,670.656,285,0
1000,673.607,276,0
1000,664.537,267,0
1000,661.049,228,0
1000,667.451,197,0
1000,682.873,284,0
1000,679.015,241,0
1000,679.294,282,0
1000,669.039,244,0
1000,659.98,242,0
1000,685.549,312,0
1000,673.358,267,0
1000,667.278,293,0
1000,671.521,264,0
1000,674.056,215,0
1000,684.658,286,0
1000,685.471,312,0
1000,657.45,254,0
1000,669.962,286,0
1000,672.55,293,0
1000,676.873,308,0
1000,661.193,291,0
1000,663.362,295,0
1000,696.299,316,0
1000,683.341,299,0
1000,678.729,313,0
1000,678.546,303,0
1000,667.987,253,0
1000,681.525,322,0
1000,669.744,270,0
1000,661.474,270,0
1000,670.166,298,0
1000,673.378,271,0
1000,668.873,280,0
1000,681.204,294,0
1000,667.88,270,0
1000,667.662,250,0
1000,670.661,253,0
1000,655.766,195,0
1000,680.639,299,0
1000,658.492,284,0
1000,662.825,282,0
1000,675.379,308,0
1000,665.198,276,0
1000,677.552,286,0
1000,679.075,298,0
1000,659.771,281,0
1000,681.826,319,0
1000,653.249,284,0
1000,668.01,250,0
1000,683.612,323,0
1000,686.788,316,0
1000,683.241,300,0
1000,665.312,267,0
1000,676.545,303,0
1000,678.611,268,0
1000,677.056,300,0
1000,672.888,285,0
1000,669.362,228,0
1000,671.629,292,0
1000,664.292,271,0
1000,663.945,284,0
1000,671.67,267,0
1000,682.666,276,0
1000,656.68,245,0
1000,654.62,239,0
1000,682.191,321,0
1000,663.239,279,0
1000,670.83,271,0
1000,659.149,224,0
1000,654.326,195,0
1000,664.29,244,0
1000,664.943,263,0
1000,679.628,289,0
1000,656.576,251,0
1000,654.552,242,0
1000,676.514,244,0
1000,679.518,294,0
1000,687.472,310,0
1000,669.373,283,0
1000,670.275,282,0
1000,693.095,338,0
1000,678.127,306,0
1000,670.43,267,0
1000,666.449,293,0
1000,687.484,235,0
1000,680.332,300,0
1000,663.664,285,0
1000,681.837,305,0
1000,683.791,308,0
1000,680.529,295,0
1000,667.519,258,0
1000,659.007,227,0
1000,678.75,227,0
1000,670.955,218,0
1000,677.566,232,0
1000,669.376,288,0
1000,685.812,323,0
1000,676.125,268,0
1000,679.83,267,0
1000,673.227,255,0
1000,668.732,268,0
1000,667.53,264,0
1000,670.156,282,0
1000,676.359,274,0
1000,685.698,314,0
1000,660.173,262,0
1000,683.23,300,0
1000,682.511,315,0
1000,680.605,292,0
1000,677.081,287,0
1000,668.183,311,0
1000,671.643,278,0
1000,667.855,307,0
1000,684.636,326,0
1000,659.424,267,0
1000,660.855,288,0
1000,692.863,301,0
1000,679.511,297,0
1000,684.422,312,0
1000,656.117,286,0
1000,677.506,280,0
1000,660.396,253,0
1000,673.357,251,0
1000,667.568,209,0
1000,668.248,280,0
1000,665.428,268,0
1000,680.005,277,0
1000,670.073,270,0
1000,675.985,279,0
1000,666.946,276,0
1000,684.218,316,0
1000,688.356,297,0
1000,662.527,276,0
1000,698.661,319,0
1000,685.056,295,0
1000,673.181,276,0
1000,691.799,313,0
1000,676.367,288,0
1000,686.952,295,0
1000,685.401,324,0
1000,681.715,285,0
1000,672.401,305,0
1000,687.152,299,0
1000,678.054,307,0
1000,672.765,250,0
1000,689.129,299,0
1000,679.773,282,0
1000,684.485,308,0
1000,694.075,291,0
1000,668.179,258,0
1000,673.795,249,0
1000,682.698,264,0
1000,672.305,254,0
1000,674.397,308,0
1000,690.942,297,0
1000,662.097,295,0
1000,689.984,327,0
1000,665.357,270,0
1000,688.533,253,0
1000,673.157,223,0
1000,662.521,186,0
1000,665.336,260,0
1000,683.296,240,0
1000,677.516,298,0
1000,685.529,256,0
1000,689.583,285,0
1000,676.725,284,0
1000,665.156,272,0
1000,677.301,278,0
1000,695.927,289,0
1000,675.308,254,0
1000,677.589,274,0
1000,679.558,289,0
1000,693.021,281,0
1000,680.203,257,0
1000,671.029,283,0
1000,679.649,277,0
1000,666.939,264,0
1000,669.554,242,0
1000,677.34,265,0
1000,672.16,207,0
1000,655.362,185,0
1000,665.796,241,0
1000,653.306,230,0
1000,677.032,281,0
1000,650.383,231,0
1000,675.308,226,0
1000,681.649,221,0
1000,684.28,304,0
1000,667.813,279,0
1000,686.828,259,0
1000,668.065,287,0
1000,665.195,285,0
1000,665.207,248,0
1000,696.086,240,0
1000,676.32,212,0
1000,666.201,181,0
1000,667.674,286,0
1000,660.051,270,0
1000,671.018,297,0
1000,664.845,246,0
1000,672.965,235,0
1000,666.725,269,0
1000,680.727,290,0
1000,680.763,278,0
1000,695.132,305,0
1000,671.027,242,0
1000,700.098,315,0
1000,669.976,249,0
1000,698.433,277,0
1000,706.676,336,0
1000,681.005,271,0
1000,675.086,287,0
1000,684.956,260,0
1000,694.725,235,0
1000,667.864,212,0
1000,696.356,187,0
1000,688.734,236,0
1000,677.362,308,0
1000,688.71,290,0
1000,689.89,260,0
1000,677.12,229,0
1000,670.385,281,0
1000,688.842,269,0
1000,679.831,276,0
1000,676.459,250,0
1000,665.971,254,0
1000,691.557,308,0
1000,693.086,278,0
1000,673.391,285,0
1000,677.782,320,0
1000,666.823,269,0
1000,673.025,230,0
1000,678.086,303,0
1000,676.185,268,0
1000,656.637,260,0
1000,689.083,256,0
1000,681.199,253,0
1000,696.043,316,0
1000,698.17,277,0
1000,665.642,314,0
1000,700.982,289,0
1000,699.38,305,0
1000,681.238,249,0
1000,689.835,216,0
1000,691.256,273,0
1000,699.447,252,0
1000,669.608,194,0
1000,669.503,239,0
1000,673.016,231,0
1000,673.319,235,0
1000,684.737,249,0
1000,681.207,265,0
1000,682.906,233,0
1000,683.103,312,0
1000,687.081,298,0
1000,683.966,278,0
1000,670.707,232,0
1000,670.923,255,0
1000,689.032,285,0
1000,686.379,266,0
1000,686.307,227,0
1000,677.218,262,0
1000,673.95,269,0
1000,675.174,274,0
1000,679.179,286,0
1000,671.787,275,0
1000,675.035,296,0
1000,682.422,286,0
1000,676.315,288,0
1000,676.083,248,0
1000,690.492,270,0
1000,679.089,240,0
1000,693.088,268,0
1000,684.327,257,0
1000,671.609,229,0
1000,671.602,225,0
1000,674.475,295,0
1000,675.5,272,0
1000,667.476,273,0
1000,687.23,311,0
1000,678.579,296,0
1000,673.869,252,0
1000,683.731,276,0
1000,672.838,270,0
1000,683.085,317,0
1000,659.047,284,0
1000,679.934,288,0
1000,684.584,318,0
1000,669.802,249,0
1000,665.007,224,0
1000,667.144,271,0
1000,670.27,286,0
1000,673.191,283,0
1000,668.535,290,0
1000,671.472,287,0
1000,687.368,328,0
1000,672.371,272,0
1000,672.724,306,0
1000,667.59,274,0
1000,665.706,255,0
1000,664.786,249,0
1000,674.22,265,0
1000,677.758,237,0
1000,661.052,187,0
1000,664.249,266,0
1000,678.274,284,0
1000,657.817,236,0
1000,656.204,242,0
1000,657.992,271,0
1000,666.83,278,0
1000,683.284,270,0
1000,667.697,286,0
1000,686.94,322,0
1000,670.024,294,0
1000,665.311,307,0
1000,679.646,315,0
1000,666.518,286,0
1000,686.959,295,0
1000,666.775,264,0
1000,676.704,317,0
1000,662.934,290,0
1000,680.124,312,0
1000,672.298,291,0
1000,668.283,257,0
1000,682.288,276,0
1000,674.862,249,0
1000,668.001,260,0
1000,662.318,233,0
1000,646.098,256,0
1000,671.869,234,0
1000,670.865,197,0
1000,663.578,175,0
1000,667.865,305,0
1000,696.522,321,0
1000,668.417,271,0
1000,659.716,300,0
1000,656.631,283,0
1000,672.973,302,0
1000,667.302,274,0
1000,649.218,252,0
1000,641.454,264,0
1000,674.231,288,0
1000,668.488,260,0
1000,662.389,239,0
1000,674.854,284,0
1000,690.839,282,0
1000,651.68,269,0
1000,677.733,307,0
1000,688.796,293,0
1000,658.87,266,0
1000,648.862,284,0
1000,670.461,273,0
1000,667.474,290,0
1000,679.863,269,0
1000,654.385,267,0
1000,660.118,228,0
1000,662.229,272,0
1000,670.962,272,0
1000,675.485,249,0
1000,668.141,293,0
1000,666.732,272,0
1000,666.379,308,0
1000,663.279,281,0
1000,679.24,263,0
1000,660.292,281,0
1000,681.6,295,0
1000,664.869,288,0
1000,650.246,281,0
1000,662.97,283,0
1000,663.667,284,0
1000,659.251,263,0
1000,670.26,267,0
1000,681.91,273,0
1000,681.831,330,0
1000,670.755,305,0
1000,679.28,293,0
1000,671.385,285,0
1000,669.963,274,0
1000,679.722,320,0
1000,666.527,270,0
1000,672.373,253,0
1000,674.25,278,0
1000,673.153,288,0
1000,667.934,300,0
1000,663.194,285,0
1000,668.295,318,0
1000,663.313,285,0
1000,669.359,292,0
1000,664.889,266,0
1000,651.023,243,0
1000,663.819,257,0
1000,665.476,261,0
1000,675.513,297,0
1000,668.462,297,0
1000,671.97,294,0
1000,638.03,216,0
1000,657.104,288,0
1000,659.853,305,0
1000,668.598,268,0
1000,664.597,270,0
1000,670.275,292,0
1000,655.537,270,0
1000,653.98,263,0
1000,654.598,282,0
1000,661.843,303,0
1000,663.851,312,0
1000,675.663,306,0
1000,680.871,307,0
1000,664.743,342,0
1000,667.256,286,0
1000,668.159,266,0
1000,662.356,231,0
1000,665.325,262,0
1000,658.817,265,0
1000,649.281,252,0
1000,693.87,295,0
1000,671.556,288,0
1000,671.099,312,0
1000,684.949,290,0
1000,637.027,204,0
1000,655.827,248,0
1000,667.044,283,0
1000,661.413,254,0
1000,651.355,243,0
1000,662.895,314,0
1000,656.801,274,0
1000,660.693,283,0
1000,661.957,311,0
1000,663.588,281,0
1000,665.175,293,0
1000,646.236,276,0
1000,663.226,255,0
1000,652.26,295,0
1000,665.72,264,0
1000,657.325,300,0
1000,661.469,260,0
1000,643.634,226,0
1000,655.157,242,0
1000,652.617,287,0
1000,661.749,319,0
1000,641.896,268,0
1000,659.718,288,0
1000,648.418,286,0
1000,661.143,274,0
1000,658.921,286,0
1000,649.85,249,0
1000,664.894,278,0
1000,664.342,291,0
1000,670.096,272,0
1000,649.445,274,0
1000,662.358,292,0
1000,644.793,278,0
1000,659.972,298,0
1000,662.136,278,0
1000,656.043,290,0
1000,654.49,304,0
1000,649.451,300,0
1000,645.243,285,0
1000,652.153,289,0
1000,647.52,276,0
1000,657.594,299,0
1000,658.257,293,0
1000,661.753,294,0
1000,645.496,277,0
1000,673.058,309,0
1000,657.481,290,0
1000,645.708,260,0
1000,645.998,283,0
1000,648.103,293,0
1000,651.974,294,0
1000,660.366,306,0
1000,648.659,301,0
1000,643.163,272,0
1000,652.341,292,0
1000,660.957,254,0
1000,654.74,229,0
1000,671.301,325,0
1000,647.589,283,0
1000,662.952,303,0
1000,656.349,296,0
1000,656.465,305,0
1000,665.719,278,0
1000,669.062,315,0
1000,661.55,294,0
1000,636.801,263,0
1000,661.205,243,0
1000,655.11,249,0
1000,668.711,298,0
1000,662.305,260,0
1000,661.611,229,0
1000,645.552,271,0
1000,635.186,219,0
1000,655.514,241,0
1000,672.828,259,0
1000,647.033,229,0
1000,673.322,315,0
1000,656.088,274,0
1000,659.065,287,0
1000,651.469,217,0
1000,659.592,267,0
1000,653.254,245,0
1000,648.154,287,0
1000,653.474,294,0
1000,643.598,288,0
1000,646.168,264,0
1000,641.731,264,0
1000,659.537,222,0
1000,655.102,224,0
1000,669.417,311,0
1000,644.778,265,0
1000,659.002,296,0
1000,638.652,289,0
1000,659.556,266,0
1000,650.995,259,0
1000,623.242,257,0
1000,649.443,293,0
1000,647.206,272,0
1000,638.939,295,0
1000,628.195,275,0
1000,649.694,316,0
1000,647.922,271,0
1000,641.795,300,0
1000,639.136,309,0
1000,648.297,297,0
1000,654.727,312,0
1000,646.496,263,0
1000,652.506,302,0
1000,652.023,329,0
1000,631.417,294,0
1000,652.512,313,0
1000,647.04,303,0
1000,643.509,309,0
1000,659.376,326,0
1000,633.413,302,0
1000,648.787,316,0
1000,638.057,308,0
1000,645.885,267,0
1000,647.433,268,0
1000,648.073,298,0
1000,659.686,312,0
1000,641.048,278,0
1000,653.554,288,0
1000,652.969,265,0
1000,639.519,238,0
1000,642.151,268,0
1000,660.472,266,0
1000,634.071,297,0
1000,657.871,302,0
1000,641.042,276,0
1000,644.987,312,0
1000,645.801,306,0
1000,653.295,308,0
1000,638.026,293,0
1000,648.372,315,0
1000,631.439,288,0
1000,649.667,317,0
1000,648.734,301,0
1000,648.152,304,0
1000,651.632,297,0
1000,660.527,309,0
1000,662.046,289,0
1000,662.648,296,0
1000,649.028,234,0
1000,630.077,235,0
1000,643.75,292,0
1000,630.915,255,0
1000,646.587,306,0
1000,653.107,276,0
1000,651.653,273,0
1000,646.104,288,0
1000,650.803,304,0
1000,644.84,292,0
1000,646.077,284,0
1000,650.339,307,0
1000,643.479,274,0
1000,673.937,289,0
1000,650.347,293,0
1000,646.82,284,0
1000,656.52,273,0
1000,629.06,279,0
1000,645.272,293,0
1000,664.468,301,0
1000,645.604,305,0
1000,635.472,278,0
1000,652.42,308,0
1000,659.68,306,0
1000,651.469,275,0
1000,663.265,297,0
1000,660.391,295,0
1000,655.863,296,0
1000,654.584,339,0
1000,632.098,266,0
1000,646.069,302,0
1000,661.023,330,0
1000,657.147,311,0
1000,639.689,261,0
1000,660.784,289,0
1000,653.192,268,0
1000,664.288,316,0
1000,660.832,303,0
1000,659.004,288,0
1000,663.542,273,0
1000,655.849,317,0
1000,645.356,285,0
1000,656.483,323,0
1000,661.675,308,0
1000,664.137,328,0
1000,665.044,297,0
1000,657.703,287,0
1000,663.628,339,0
1000,664.753,283,0
1000,635.137,268,0
1000,666,309,0
1000,646.641,240,0
1000,655.195,311,0
1000,648.817,302,0
1000,649.506,267,0
1000,640.597,222,0
1000,655.692,291,0
1000,656.51,306,0
1000,668.265,337,0
1000,651.268,304,0
1000,657.766,316,0
1000,672.69,307,0
1000,629.614,278,0
1000,652.112,297,0
1000,641.253,292,0
1000,641.642,300,0
1000,649.453,290,0
1000,660.477,282,0
1000,657.443,295,0
1000,636.404,281,0
1000,640.536,248,0
1000,656.752,315,0
1000,654.807,275,0
1000,652.471,283,0
1000,654.31,276,0
1000,666.426,319,0
1000,648.384,255,0
1000,668.4,314,0
1000,686.457,346,0
1000,661.693,290,0
1000,660.076,270,0
1000,674.084,296,0
1000,660.624,291,0
1000,663.884,315,0
1000,662.835,260,0
1000,680.369,241,0
1000,665.066,321,0
1000,692.556,300,0
1000,676.981,281,0
1000,673.236,286,0
1000,663.213,301,0
1000,664.064,259,0
1000,675.201,322,0
1000,678.053,275,0
1000,663.264,272,0
1000,682.021,297,0
1000,674.22,318,0
1000,670.905,311,0
1000,688.04,317,0
1000,654.853,282,0
1000,667.331,283,0
1000,662.364,269,0
1000,653.395,249,0
1000,681.791,325,0
1000,680.772,315,0
1000,668.964,290,0
1000,685.687,320,0
1000,670.619,267,0
1000,673.52,307,0
1000,668.095,300,0
1000,679.477,312,0
1000,673.07,293,0
1000,690.679,310,0
1000,659.46,244,0
1000,671.188,286,0
1000,669.338,285,0
1000,661.875,309,0
1000,660.712,280,0
1000,669.329,303,0
1000,674.926,286,0
1000,663.478,294,0
1000,677.711,305,0
1000,689.114,314,0
1000,678.01,303,0
1000,692.903,344,0
1000,672.28,304,0
1000,666.464,303,0
1000,662.804,252,0
1000,693.759,335,0
1000,675.76,276,0
1000,664.358,263,0
1000,669.693,294,0
1000,668.908,310,0
1000,688.97,333,0
1000,698.508,330,0
1000,668.699,301,0
1000,684.219,299,0
1000,656.453,281,0
1000,679.427,269,0
1000,659.752,246,0
1000,654.711,293,0
1000,697.248,299,0
1000,674.445,269,0
1000,675.496,226,0
1000,680.692,256,0
1000,670.455,286,0
1000,659.75,249,0
1000,674.763,303,0
1000,641.823,264,0
1000,656.848,298,0
1000,673.43,298,0
1000,678.386,251,0
1000,673.41,228,0
1000,651.061,257,0
1000,671.454,286,0
1000,683.061,295,0
1000,665.152,226,0
1000,686.513,332,0
1000,684.898,329,0
1000,669.85,256,0
1000,699.271,274,0
1000,672.373,286,0
1000,669.478,300,0
1000,652.215,295,0
1000,673.616,307,0
1000,674.003,296,0
1000,670.642,269,0
1000,678.372,299,0
1000,682.496,308,0
1000,669.205,296,0
1000,670.671,295,0
1000,652.589,284,0
1000,673.557,263,0
1000,673.25,236,0
1000,681.894,314,0
1000,670.85,309,0
1000,666.791,278,0
1000,660.242,269,0
1000,669.66,277,0
1000,670.072,232,0
1000,684.551,314,0
1000,663.145,278,0
1000,671.652,283,0
1000,689.959,276,0
1000,674.926,307,0
1000,669.891,275,0
1000,686.373,308,0
1000,660.391,274,0
1000,672.082,259,0
1000,667.538,250,0
1000,655.346,242,0
1000,668.306,299,0
1000,675.637,285,0
1000,672.235,305,0
1000,688.283,276,0
1000,660.125,306,0
1000,689.051,315,0
1000,670.854,305,0
1000,689.957,323,0
1000,682.229,332,0
1000,667.12,304,0
1000,678.577,282,0
1000,649.582,286,0
1000,696.825,318,0
1000,687.462,318,0
1000,667.654,265,0
1000,672.777,237,0
1000,678.403,291,0
1000,676.123,309,0
1000,665.865,267,0
1000,668.193,302,0
1000,675.413,306,0
1000,667.815,307,0
1000,670.416,286,0
1000,669.333,308,0
1000,677.816,279,0
1000,665.885,302,0
1000,665.682,284,0
1000,660.138,259,0
1000,679.806,300,0
1000,678.853,321,0
1000,664.133,245,0
1000,686.542,324,0
1000,688.81,314,0
1000,685.57,302,0
1000,688.951,316,0
1000,644.023,239,0
1000,682.845,303,0
1000,680.407,304,0
1000,674.485,291,0
1000,691.548,331,0
1000,665.039,281,0
1000,675.138,311,0
1000,685.459,310,0
1000,672.299,266,0
1000,670.226,238,0
1000,688.102,315,0
1000,685.358,288,0
1000,678.514,284,0
1000,669.973,272,0
1000,681.089,243,0
1000,668.023,291,0
1000,670.941,310,0
1000,661.737,296,0
1000,697.415,311,0
1000,667.461,253,0
1000,671.754,238,0
1000,645.025,270,0
1000,663.814,288,0
1000,672.319,297,0
1000,667.686,310,0
1000,676.219,283,0
1000,674.885,304,0
1000,679.473,262,0
1000,693.157,299,0
1000,678.327,235,0
1000,685.551,315,0
1000,690.615,325,0
1000,690.434,309,0
1000,664.209,298,0
1000,663.859,279,0
1000,677.172,262,0
1000,670.957,226,0
1000,660.756,255,0
1000,660.745,231,0
1000,682.9,324,0
1000,665.478,273,0
1000,682.304,307,0
1000,688.067,257,0
1000,664.376,311,0
1000,667.44,253,0
1000,655.307,205,0
1000,688.249,279,0
1000,683.367,322,0
1000,676.31,287,0
1000,672.453,308,0
1000,678.281,307,0
1000,662.012,257,0
1000,674.448,319,0
1000,683.689,301,0
1000,677.92,280,0
1000,667.002,240,0
1000,674.119,227,0
1000,664.009,221,0
1000,692.981,321,0
1000,675.311,302,0
1000,668.247,306,0
1000,669.262,279,0
1000,677.206,307,0
1000,669.023,271,0
1000,679.767,276,0
1000,690.166,320,0
1000,667.347,272,0
1000,670.318,272,0
1000,672.387,290,0
1000,684.883,299,0
1000,688.86,318,0
1000,668.002,295,0
1000,669.983,295,0
1000,671.229,248,0
1000,677.18,300,0
1000,669.73,298,0
1000,662.023,299,0
1000,682.473,305,0
1000,685.744,309,0
1000,678.317,314,0
1000,680.397,275,0
1000,680.729,292,0
1000,671.654,296,0
1000,667.578,298,0
1000,668.172,312,0
1000,675.335,276,0
1000,656.766,249,0
1000,659.576,300,0
1000,665.698,303,0
1000,667.682,253,0
1000,686.362,301,0
1000,684.775,316,0
1000,687.628,311,0
1000,676.89,297,0
1000,659.623,257,0
1000,666.478,276,0
1000,684.056,332,0
1000,681.236,290,0
1000,672.263,276,0
1000,667.116,236,0
1000,689.353,242,0
1000,681.078,315,0
1000,672.935,311,0
1000,666.757,249,0
1000,670.415,310,0
1000,680.473,294,0
1000,660.382,279,0
1000,666.558,294,0
1000,669.112,274,0
1000,669.162,319,0
1000,669.578,276,0
1000,673.484,307,0
1000,691.974,324,0
1000,659.444,281,0
1000,657.028,304,0
1000,676.221,277,0
1000,677.823,270,0
1000,665.542,280,0
1000,673.15,315,0
1000,673.327,309,0
1000,685.773,315,0
1000,686.588,260,0
1000,694.178,328,0
1000,680.706,327,0
1000,704.882,329,0
1000,666.303,294,0
1000,664.667,254,0
1000,662.407,288,0
1000,692.191,294,0
1000,663.814,264,0
1000,687.316,286,0
1000,682.898,236,0
1000,665.488,187,0
1000,675.481,317,0
1000,701.944,300,0
1000,688.829,324,0
1000,684.054,304,0
1000,686.78,318,0
1000,674.796,277,0
1000,660.081,263,0
1000,670.696,260,0
1000,672.989,295,0
1000,654.09,257,0
1000,662.079,302,0
1000,668.937,301,0
1000,678.786,284,0
1000,666.159,297,0
1000,661.771,254,0
1000,684.282,314,0
1000,671.942,272,0
1000,675.619,254,0
1000,689.155,330,0
1000,685.399,283,0
1000,673.083,309,0
1000,672.086,286,0
1000,672.84,280,0
1000,679.727,328,0
1000,684.154,315,0
1000,652.498,253,0
1000,668.937,239,0
1000,674.419,279,0
1000,693.676,320,0
1000,672.398,320,0
1000,679.127,331,0
1000,675.752,311,0
1000,679.56,278,0
1000,678.521,306,0
1000,680.964,317,0
1000,691.333,320,0
1000,675.855,325,0
1000,686.237,334,0
1000,680.911,291,0
1000,678.258,304,0
1000,686.735,305,0
1000,667.745,325,0
1000,691.933,337,0
1000,688.675,329,0
1000,666.985,304,0
1000,681.632,316,0
1000,674.313,319,0
1000,680.922,321,0
1000,667.939,272,0
1000,667.746,311,0
1000,669.839,318,0
1000,676.662,327,0
1000,671.934,275,0
1000,680.755,310,0
1000,670.468,294,0
1000,684.631,288,0
1000,663.298,284,0
1000,673.891,268,0
1000,661.824,228,0
1000,677.83,250,0
1000,674.28,314,0
1000,670.483,294,0
1000,668.093,289,0
1000,674.849,302,0
1000,687.362,283,0
1000,668.157,266,0
1000,671.689,258,0
1000,679.788,322,0
1000,677.102,268,0
1000,666.632,301,0
1000,664.632,287,0
1000,679.716,307,0
1000,673.633,289,0
1000,682.781,278,0
1000,680.86,270,0
1000,672.743,257,0
1000,677.288,298,0
1000,667.94,299,0
1000,657.798,290,0
1000,673.77,284,0
1000,668.544,290,0
1000,659.302,255,0
1000,677.593,278,0
1000,667.175,252,0
1000,686.045,312,0
1000,661.894,316,0
1000,685.927,322,0
1000,667.917,289,0
1000,661.732,282,0
1000,669.695,300,0
1000,676.315,334,0
1000,664.726,297,0
1000,654.619,279,0
1000,675.494,298,0
1000,662.871,260,0
1000,664.685,307,0
1000,684.025,305,0
1000,676.847,302,0
1000,677.088,306,0
1000,657.986,271,0
1000,652.208,262,0
1000,680.208,309,0
1000,677.271,295,0
1000,656.918,278,0
1000,658.904,309,0
1000,646.389,257,0
1000,667.099,310,0
1000,675.408,319,0
1000,656.216,283,0
1000,668.762,272,0
1000,672.806,306,0
1000,675.247,298,0
1000,663.773,310,0
1000,658.559,245,0
1000,663.807,277,0
1000,646.619,271,0
1000,667.878,299,0
1000,662.676,308,0
1000,678.347,320,0
1000,666.24,284,0
1000,653.728,289,0
1000,681.815,272,0
1000,672.771,320,0
1000,675.848,310,0
1000,665.937,305,0
1000,669.944,292,0
1000,663.227,264,0
1000,671.321,268,0
1000,659.072,227,0
1000,669.119,279,0
1000,665.906,273,0
1000,658.204,279,0
1000,664.724,251,0
1000,663.972,289,0
1000,664.215,278,0
1000,668.108,280,0
1000,668.664,253,0
1000,665.184,285,0
1000,670.932,288,0
1000,667.976,282,0
1000,658.054,220,0
1000,664.589,258,0
1000,654.691,292,0
1000,651.888,274,0
1000,663.108,271,0
1000,669.243,256,0
1000,670.5,326,0
1000,648.381,261,0
1000,647.525,288,0
1000,656.606,275,0
1000,674.407,302,0
1000,660.324,299,0
1000,676.01,343,0
1000,666.04,274,0
1000,659.139,290,0
1000,643.215,281,0
1000,665.155,320,0
1000,670.897,299,0
1000,661.004,280,0
1000,670.861,286,0
1000,660.081,286,0
1000,641.669,211,0
1000,644.401,237,0
1000,647.449,218,0
1000,647.656,227,0
1000,657.862,221,0
1000,651.406,303,0
1000,657.565,287,0
1000,663.454,304,0
1000,661.618,317,0
1000,639.592,278,0
1000,644.879,226,0
1000,654.244,303,0
1000,667.613,294,0
1000,663.854,293,0
1000,655.727,309,0
1000,655.83,299,0
1000,650.546,278,0
1000,656.546,315,0
1000,648.605,301,0
1000,662.966,286,0
1000,663.311,309,0
1000,642.674,273,0
1000,644.915,269,0
1000,667.758,300,0
1000,645.699,261,0
1000,674.764,276,0
1000,668.656,264,0
1000,661.419,224,0
1000,657.93,297,0
1000,670.07,327,0
1000,662.272,280,0
1000,651.232,276,0
1000,662.893,327,0
1000,657.734,297,0
1000,668.663,271,0
1000,652.686,245,0
1000,666.12,235,0
1000,653.541,211,0
1000,655.587,306,0
1000,653.107,277,0
1000,659.173,285,0
1000,651.15,290,0
1000,648.957,228,0
1000,660.765,280,0
1000,668.74,262,0
1000,645.479,231,0
1000,650.783,212,0
1000,656.158,200,0
1000,655.784,199,0
1000,653.969,283,0
1000,670.679,258,0
1000,658.702,286,0
1000,664.348,289,0
1000,665.748,295,0
1000,671.412,253,0
1000,671.007,320,0
1000,648.26,268,0
1000,659.438,292,0
1000,665.731,297,0
1000,641.341,274,0
1000,666.104,302,0
1000,674.343,291,0
1000,674.353,261,0
1000,675.062,307,0
1000,658.409,302,0
1000,662.92,276,0
1000,669.492,310,0
1000,649.206,287,0
1000,670.755,308,0
1000,647.019,273,0
1000,650.161,229,0
1000,647.467,266,0
1000,649.318,298,0
1000,665.672,306,0
1000,663.446,300,0
1000,653.174,251,0
1000,648.667,292,0
1000,643.909,291,0
1000,659.305,269,0
1000,664.438,244,0
1000,646.185,290,0
1000,651.702,293,0
1000,662.736,295,0
1000,665.101,302,0
1000,658.713,269,0
1000,664.915,315,0
1000,665.863,313,0
1000,669.704,290,0
1000,675.617,323,0
1000,667.621,280,0
1000,657.807,308,0
1000,663.966,312,0
1000,669.715,319,0
1000,655.39,251,0
1000,667.785,251,0
1000,663.503,324,0
1000,664.885,304,0
1000,695.275,351,0
1000,673.948,280,0
1000,656.004,250,0
1000,669.272,279,0
1000,660.66,306,0
1000,669.907,308,0
1000,658.469,311,0
1000,667.765,309,0
1000,653.597,279,0
1000,650.764,264,0
1000,649.017,253,0
1000,637.367,228,0
1000,655.85,240,0
1000,660.133,234,0
1000,662.198,242,0
1000,651.691,245,0
1000,659.019,224,0
1000,675.255,236,0
1000,660.535,213,0
1000,655.39,289,0
1000,683.532,312,0
1000,663.858,292,0
1000,654.749,262,0
1000,676.98,322,0
1000,655.145,286,0
1000,668.788,272,0
1000,671.678,318,0
1000,669.944,342,0
1000,666.3,310,0
1000,664.571,322,0
1000,658.764,316,0
1000,653.373,278,0
1000,670.894,277,0
1000,654.908,220,0
1000,678.846,251,0
1000,662.79,303,0
1000,663.04,314,0
1000,682.173,295,0
1000,648.602,244,0
1000,685.018,338,0
1000,675.015,302,0
1000,682.32,283,0
1000,686.065,295,0
1000,671.879,322,0
1000,668.289,308,0
1000,678.51,326,0
1000,652.736,282,0
1000,668.429,276,0
1000,670.122,271,0
1000,656.968,262,0
1000,666.788,255,0
1000,664.5,253,0
1000,664.748,306,0
1000,659.458,284,0
1000,663.78,278,0
1000,660.13,289,0
1000,659.866,316,0
1000,662.551,286,0
1000,664.066,272,0
1000,660.763,240,0
1000,664.043,246,0
1000,656.047,223,0
1000,663.3,244,0
1000,671.913,252,0
1000,664.79,221,0
1000,668.409,206,0
1000,689.804,329,0
1000,673.298,293,0
1000,675.813,319,0
1000,660.533,288,0
1000,675.408,297,0
1000,666.243,293,0
1000,651.512,288,0
1000,667.174,314,0
1000,666.058,299,0
1000,654.079,260,0
1000,665.688,308,0
1000,655.586,266,0
1000,664.683,278,0
1000,677.674,278,0
1000,665.997,247,0
1000,666.066,285,0
1000,651.907,297,0
1000,675.484,285,0
1000,659.216,269,0
1000,669.213,268,0
1000,647.94,243,0
1000,665.491,301,0
1000,668.025,309,0
1000,667.567,302,0
1000,661.565,287,0
1000,669.153,307,0
1000,652.531,282,0
1000,664.852,305,0
1000,654.409,309,0
1000,673.388,329,0
1000,663.052,281,0
1000,685.321,332,0
1000,677.405,318,0
1000,671.565,321,0
1000,661.511,312,0
1000,659.887,271,0
1000,655.791,246,0
1000,682.792,316,0
1000,686.686,323,0
1000,675.19,288,0
1000,681.687,332,0
1000,668.81,304,0
1000,669.988,305,0
1000,648.001,266,0
1000,662.866,279,0
1000,671.431,307,0
1000,670.813,308,0
1000,660.651,295,0
1000,678.61,286,0
1000,673.159,306,0
1000,673.216,306,0
1000,657.393,274,0
1000,672.346,288,0
1000,665.981,288,0
1000,672.622,317,0
1000,676.713,307,0
1000,653,260,0
1000,679.195,321,0
1000,687.361,312,0
1000,652.857,242,0
1000,658.031,281,0
1000,663.48,283,0
1000,671.813,310,0
1000,662.494,272,0
1000,680.098,297,0
1000,675.056,284,0
1000,680.973,297,0
1000,662.425,254,0
1000,671.378,255,0
1000,670.69,221,0
1000,671.411,315,0
1000,667.175,281,0
1000,680.571,286,0
1000,666.377,291,0
1000,662.212,315,0
1000,678.771,289,0
1000,680.633,313,0
1000,692.332,341,0
1000,684.432,314,0
1000,660.401,280,0
1000,681.834,263,0
1000,660.027,301,0
1000,662.614,280,0
1000,652.86,280,0
1000,660.628,276,0
1000,684.963,323,0
1000,665.296,286,0
1000,671.551,275,0
1000,661.105,265,0
1000,665.154,279,0
1000,667.611,291,0
1000,671.464,288,0
1000,683.125,272,0
1000,658.52,255,0
1000,677.131,263,0
1000,677.783,246,0
1000,671.099,259,0
1000,678.279,327,0
1000,670.429,301,0
1000,673.939,318,0
1000,661.703,268,0
1000,676.243,288,0
1000,675.932,324,0
1000,690.209,317,0
1000,676.615,265,0
1000,685.802,322,0
1000,680.983,310,0
1000,665.233,313,0
1000,670.152,286,0
1000,687.713,329,0
1000,676.631,316,0
1000,665.445,307,0
1000,662.935,308,0
1000,665.2,319,0
1000,657.643,298,0
1000,678.379,323,0
1000,679.57,322,0
1000,679.686,303,0
1000,685.292,284,0
1000,675.286,277,0
1000,672.823,325,0
1000,671.708,287,0
1000,697.447,330,0
1000,685.618,298,0
1000,669.724,246,0
1000,668.985,295,0
1000,665.767,310,0
1000,678.63,331,0
1000,668.238,285,0
1000,659.923,279,0
1000,669.149,268,0
1000,662.649,271,0
1000,667.203,304,0
1000,676.811,285,0
1000,676.897,321,0
1000,668.266,308,0
1000,662.316,284,0
1000,667.139,271,0
1000,644.442,295,0
1000,664.526,286,0
1000,655.339,286,0
1000,661.835,313,0
1000,661.619,280,0
1000,677.142,324,0
1000,686.613,317,0
1000,648.473,277,0
1000,664.762,301,0
1000,658.013,253,0
1000,669.417,314,0
1000,664.055,284,0
1000,654.577,255,0
1000,647.183,287,0
1000,674.738,264,0
1000,659.142,233,0
1000,648.944,213,0
1000,651.652,185,0
1000,659.39,295,0
1000,651.486,261,0
1000,655.814,266,0
1000,667.134,306,0
1000,647.602,282,0
1000,646.06,244,0
1000,679.761,278,0
1000,663.614,282,0
1000,672.569,296,0
1000,648.307,292,0
1000,672.35,311,0
1000,652.798,256,0
1000,677.707,325,0
1000,671.089,282,0
1000,666.155,288,0
1000,654.368,250,0
1000,676.032,312,0
1000,684.779,293,0
1000,671.883,310,0
1000,664.77,248,0
1000,667.804,305,0
1000,678.694,284,0
1000,663.651,308,0
1000,663.265,286,0
1000,656.291,291,0
1000,683.518,322,0
1000,676.982,311,0
1000,672.429,267,0
1000,670.655,306,0
1000,673.507,254,0
1000,672.533,276,0
1000,661.776,231,0
1000,652.176,286,0
1000,663.075,277,0
1000,679.194,300,0
1000,671.094,304,0
1000,673.421,304,0
1000,676.993,313,0
1000,681.752,340,0
1000,681.953,313,0
1000,695.228,315,0
1000,668.645,296,0
1000,664.003,308,0
1000,680.667,292,0
1000,674.638,309,0
1000,682.103,310,0
1000,664.422,296,0
1000,672.172,298,0
1000,639.384,247,0
1000,664.371,308,0
1000,656.74,292,0
1000,657.767,275,0
1000,659.51,300,0
1000,663.147,242,0
1000,643.517,239,0
1000,666.556,263,0
1000,651.05,207,0
1000,661.398,238,0
1000,659.673,301,0
1000,640.407,284,0
1000,661.93,317,0
1000,666.666,318,0
1000,662.432,288,0
1000,680.828,307,0
1000,658.792,312,0
1000,675.048,320,0
1000,663.535,310,0
1000,667.99,280,0
1000,672.129,318,0
1000,666.778,326,0
1000,658.007,283,0
1000,645.023,280,0
1000,657.767,284,0
1000,659.277,281,0
1000,658.954,270,0
1000,665.461,260,0
1000,648.412,280,0
1000,663.882,300,0
1000,677.406,310,0
1000,676.479,272,0
1000,690.803,308,0
1000,668.041,256,0
1000,678.023,274,0
1000,659.553,302,0
1000,662.674,302,0
1000,671.588,318,0
1000,666.62,304,0
1000,653.821,255,0
1000,663.052,256,0
1000,671.949,325,0
1000,675.981,334,0
1000,667.881,315,0
1000,671.204,307,0
1000,676.942,322,0
1000,672.22,318,0
1000,680.886,292,0
1000,653.078,239,0
1000,654.174,213,0
1000,676.278,197,0
1000,677.3,267,0
1000,673.15,225,0
1000,670.747,246,0
1000,658.461,289,0
1000,658.709,279,0
1000,658.128,286,0
1000,660.354,257,0
1000,687.659,262,0
1000,675.391,293,0
1000,688.526,318,0
1000,670.4,289,0
1000,652.912,271,0
1000,644.678,267,0
1000,678.538,335,0
1000,669.296,253,0
1000,674.315,284,0
1000,676.362,297,0
1000,661.047,247,0
1000,678.323,333,0
1000,655.328,287,0
1000,690.55,317,0
1000,658.74,285,0
1000,663.852,272,0
1000,675.033,315,0
1000,655.76,308,0
1000,675.103,319,0
1000,647.504,274,0
1000,671.772,331,0
1000,667.136,289,0
1000,659.71,265,0
1000,661.189,285,0
1000,665.313,314,0
1000,654.499,299,0
1000,671.116,310,0
1000,649.689,290,0
1000,646.586,276,0
1000,639.255,248,0
1000,657.027,242,0
1000,670.962,268,0
1000,668.701,239,0
1000,646.748,296,0
1000,666.738,287,0
1000,639.389,290,0
1000,643.166,294,0
1000,652.037,305,0
1000,664.708,295,0
1000,668.26,313,0
1000,663.12,291,0
1000,663.547,310,0
1000,666.167,293,0
1000,661.217,303,0
1000,650.566,269,0
1000,657.89,298,0
1000,651.002,288,0
1000,654.447,286,0
1000,656.89,308,0
1000,648.182,294,0
1000,662.008,301,0
1000,658.425,298,0
1000,663.949,285,0
1000,661.673,302,0
1000,652.335,290,0
1000,654.142,285,0
1000,641.132,288,0
1000,666.238,305,0
1000,665.606,307,0
1000,650.947,268,0
1000,658.742,298,0
1000,651.13,263,0
1000,644.071,272,0
1000,674.245,325,0
1000,665.549,305,0
1000,639.424,300,0
1000,680.35,327,0
1000,644.106,305,0
1000,652.187,311,0
1000,647.734,295,0
1000,652.144,320,0
1000,651.042,306,0
1000,666.665,321,0
1000,658.43,311,0
1000,647.085,290,0
1000,649.254,262,0
1000,661.196,290,0
1000,652.78,263,0
1000,665.933,324,0
1000,648.91,283,0
1000,664.773,320,0
1000,647.268,253,0
1000,656.249,227,0
1000,656.915,288,0
1000,651.993,298,0
1000,664.094,310,0
1000,651.875,281,0
1000,658.002,295,0
1000,664.176,264,0
1000,670.406,281,0
1000,676.008,310,0
1000,667.43,261,0
1000,673.805,262,0
1000,668.347,250,0
1000,674.423,287,0
1000,669.082,293,0
1000,653.722,248,0
1000,676.298,286,0
1000,669.431,269,0
1000,670.802,263,0
1000,662.85,260,0
1000,668.609,229,0
1000,658.34,280,0
1000,670.204,310,0
1000,662.452,281,0
1000,667.349,293,0
1000,676.753,316,0
1000,652.571,250,0
1000,673.226,286,0
1000,662.366,254,0
1000,656.401,302,0
1000,664.285,311,0
1000,658.649,299,0
1000,673.49,280,0
1000,663.201,313,0
1000,660.901,303,0
1000,666.112,262,0
1000,692.919,310,0
1000,662.91,305,0
1000,652.645,264,0
1000,661.419,261,0
1000,656.773,228,0
1000,670.43,298,0
1000,661.478,271,0
1000,665.823,271,0
1000,675.471,277,0
1000,662.519,254,0
1000,667.933,311,0
1000,662.392,298,0
1000,649.813,279,0
1000,666.993,272,0
1000,653.549,244,0
1000,656.096,211,0
1000,647.138,302,0
1000,668.636,312,0
1000,656.594,305,0
1000,662.313,291,0
1000,682.762,328,0
1000,655.2,275,0
1000,668.729,316,0
1000,661.835,288,0
1000,663.678,282,0
1000,652.283,293,0
1000,648.22,232,0
1000,656.103,305,0
1000,676.276,314,0
1000,685.223,304,0
1000,680.601,319,0
1000,679.189,287,0
1000,661.077,258,0
1000,686.548,303,0
1000,673.628,261,0
1000,662.216,258,0
1000,680.428,304,0
1000,683.435,282,0
1000,658.337,258,0
1000,665.525,235,0
1000,665.692,264,0
1000,674.328,244,0
1000,686.741,224,0
1000,658.664,223,0
1000,666.837,211,0
1000,690.619,317,0
1000,679.236,301,0
1000,669.693,299,0
1000,669.559,309,0
1000,666.594,303,0
1000,667.174,278,0
1000,685.829,270,0
1000,658.095,268,0
1000,656.502,252,0
1000,670.458,304,0
1000,673.566,301,0
1000,682.402,300,0
1000,669.021,249,0
1000,659.165,305,0
1000,659.539,293,0
1000,666.032,310,0
1000,677.368,332,0
1000,688.608,345,0
1000,670.162,279,0
1000,681.489,325,0
1000,678.66,321,0
1000,669.134,277,0
1000,647.535,246,0
1000,669.46,309,0
1000,675.102,284,0
1000,673.428,289,0
1000,673.133,305,0
1000,675.206,293,0
1000,673.745,308,0
1000,690.255,290,0
1000,667.27,289,0
1000,681.117,266,0
1000,682.178,224,0
1000,656.436,195,0
1000,661.079,266,0
1000,677.891,308,0
1000,665.207,303,0
1000,663.685,289,0
1000,691.608,329,0
1000,680.972,290,0
1000,653.503,279,0
1000,653.761,263,0
1000,673.373,302,0
1000,685.843,298,0
1000,677.529,293,0
1000,664.107,287,0
1000,657.673,277,0
1000,675.764,288,0
1000,657.132,236,0
1000,678.141,299,0
1000,671.987,301,0
1000,671.534,303,0
1000,684.844,283,0
1000,675.074,312,0
1000,690.686,314,0
1000,673.096,301,0
1000,671.383,289,0
1000,658.485,289,0
1000,686.115,294,0
1000,659.69,286,0
1000,661.886,287,0
1000,665.445,294,0
1000,674.73,278,0
1000,683.266,256,0
1000,673.557,231,0
1000,667.603,240,0
1000,666.79,313,0
1000,662.288,281,0
1000,674.936,269,0
1000,669.789,225,0
1000,673.987,236,0
1000,663.857,181,0
1000,647.136,169,0
1000,665.823,260,0
1000,667.866,295,0
1000,665.408,260,0
1000,661.523,296,0
1000,674.199,294,0
1000,669.547,304,0
1000,665.728,284,0
1000,668.228,297,0
1000,672.153,299,0
1000,675.523,261,0
1000,674.295,305,0
1000,666.872,288,0
1000,667.694,296,0
1000,643.966,279,0
1000,670.81,305,0
1000,662.003,275,0
1000,665.314,273,0
1000,669.358,286,0
1000,681.534,313,0
1000,669.855,308,0
1000,680.04,298,0
1000,663.558,256,0
1000,685.239,329,0
1000,668.434,263,0
1000,696.163,315,0
1000,674.024,321,0
1000,661.152,248,0
1000,665.054,259,0
1000,652.4,280,0
1000,669.606,294,0
1000,661.212,278,0
1000,666.829,309,0
1000,663.865,300,0
1000,670.102,284,0
1000,673.945,295,0
1000,654.654,301,0
1000,666.952,276,0
1000,658.362,277,0
1000,677.7,275,0
1000,669.88,239,0
1000,676.092,221,0
1000,668.197,223,0
1000,666.719,266,0
1000,669.212,301,0
1000,680.777,342,0
1000,670.969,298,0
1000,668.386,313,0
1000,667.35,314,0
1000,670.592,283,0
1000,654.754,289,0
1000,655.153,292,0
1000,648.132,235,0
1000,657.145,298,0
1000,648.085,317,0
1000,674.277,292,0
1000,673.192,267,0
1000,650.017,301,0
1000,668.971,311,0
1000,653.887,288,0
1000,658.289,288,0
1000,645.871,267,0
1000,683.642,333,0
1000,662.995,323,0
1000,646.771,290,0
1000,647.956,288,0
1000,655.085,287,0
1000,661.57,283,0
1000,660.768,275,0
1000,659.282,243,0
1000,659.259,304,0
1000,651.775,290,0
1000,659.065,253,0
1000,652.998,264,0
1000,649.678,289,0
1000,653.804,306,0
1000,663.073,292,0
1000,653.614,298,0
1000,661.784,330,0
1000,666.083,305,0
1000,643.533,302,0
1000,656.875,277,0
1000,672.709,291,0
1000,667.561,303,0
1000,652,304,0
1000,669.93,294,0
1000,675.184,298,0
1000,640.567,259,0
1000,652.58,290,0
1000,645.779,284,0
1000,651.586,268,0
1000,660.178,248,0
1000,673.507,306,0
1000,640.304,218,0
1000,644.517,239,0
1000,687.616,232,0
1000,690.734,215,0
1000,661.373,187,0
1000,659.807,303,0
1000,656.694,258,0
1000,648.376,272,0
1000,682.998,347,0
1000,660.683,302,0
1000,675.652,322,0
1000,642.519,290,0
1000,651.852,270,0
1000,656.181,305,0
1000,669.217,292,0
1000,668.383,267,0
1000,661.76,258,0
1000,660.231,266,0
1000,653.094,278,0
1000,658.415,293,0
1000,657.04,286,0
1000,660.432,287,0
1000,674.736,283,0
1000,657.27,270,0
1000,659.579,306,0
1000,661.615,277,0
1000,659.498,293,0
1000,680.587,321,0
1000,660.573,300,0
1000,655.096,266,0
1000,657.316,307,0
1000,643.523,281,0
1000,635.205,295,0
1000,657.355,287,0
1000,669.441,261,0
1000,644.055,297,0
1000,657.5,295,0
1000,666.63,300,0
1000,673.62,322,0
1000,674.971,322,0
1000,667.672,283,0
1000,645.632,274,0
1000,657.751,299,0
1000,654.038,279,0
1000,663.327,295,0
1000,661.289,300,0
1000,677.26,316,0
1000,654.414,304,0
1000,666.869,308,0
1000,660.991,266,0
1000,658.795,303,0
1000,655.759,269,0
1000,665.367,299,0
1000,668.443,304,0
1000,664.79,305,0
1000,657.838,274,0
1000,646.092,268,0
1000,658.965,279,0
1000,659.6,249,0
1000,652.409,232,0
1000,658.803,275,0
1000,664.593,296,0
1000,657.307,281,0
1000,658.814,291,0
1000,674.82,311,0
1000,670.594,337,0
1000,682.2,342,0
1000,668.68,308,0
1000,666.967,317,0
1000,657.678,295,0
1000,648.512,297,0
1000,671.121,289,0
1000,664.945,262,0
1000,669.245,257,0
1000,665.022,313,0
1000,669.334,309,0
1000,636.137,245,0
1000,655.145,316,0
1000,685.618,297,0
1000,648.591,235,0
1000,676.244,335,0
1000,670.471,297,0
1000,672.066,309,0
1000,666.566,300,0
1000,658.84,317,0
1000,660.388,315,0
1000,667.971,281,0
1000,659.66,315,0
1000,657.066,306,0
1000,677.428,287,0
1000,660.651,312,0
1000,650.392,259,0
1000,643.712,279,0
1000,651.446,291,0
1000,666.433,294,0
1000,678.202,281,0
1000,674.823,247,0
1000,678.613,275,0
1000,669.793,254,0
1000,662.791,209,0
1000,674.955,209,0
1000,676.109,192,0
1000,670.873,306,0
1000,657.428,290,0
1000,684.771,318,0
1000,673.66,293,0
1000,668.653,292,0
1000,661.309,303,0
1000,665.558,309,0
1000,673.186,299,0
1000,664.169,300,0
1000,679.961,289,0
1000,661.886,247,0
1000,654.025,247,0
1000,687.208,319,0
1000,670.931,282,0
1000,665.879,274,0
1000,678.701,316,0
1000,668.282,271,0
1000,652.618,281,0
1000,674.501,271,0
1000,681.145,326,0
1000,688.13,337,0
1000,650.348,289,0
1000,681.741,322,0
1000,668.709,262,0
1000,650.903,243,0
1000,653.826,254,0
1000,680.107,334,0
1000,658.251,278,0
1000,668.206,315,0
1000,660.213,309,0
1000,677.49,293,0
1000,653.022,272,0
1000,657.039,249,0
1000,668.923,318,0
1000,671.03,292,0
1000,674.821,321,0
1000,656.126,307,0
1000,672.019,305,0
1000,655.672,266,0
1000,638.872,215,0
1000,656.633,228,0
1000,660.61,301,0
1000,680.983,325,0
1000,661.63,284,0
1000,662.615,291,0
1000,681.568,314,0
1000,674.857,301,0
1000,682.518,324,0
1000,667.955,291,0
1000,661.934,264,0
1000,672.236,311,0
1000,670.72,311,0
1000,669.715,307,0
1000,698.785,314,0
1000,642.535,286,0
1000,670.917,270,0
1000,671.309,260,0
1000,662.57,254,0
1000,675.5,331,0
1000,682.707,290,0
1000,665.128,276,0
1000,672.744,300,0
1000,660.982,293,0
1000,646.947,272,0
1000,653.158,242,0
1000,671.344,286,0
1000,674.01,297,0
1000,652.242,278,0
1000,662.393,268,0
1000,642.362,278,0
1000,670.092,312,0
1000,671.14,293,0
1000,666.905,292,0
1000,663.683,253,0
1000,666.62,313,0
1000,654.194,289,0
1000,655.231,282,0
1000,675.19,305,0
1000,658.861,284,0
1000,657.778,282,0
1000,668.321,266,0
1000,687.266,315,0
1000,659.501,267,0
1000,670.487,292,0
1000,669.877,245,0
1000,668.401,285,0
1000,677.294,309,0
1000,664.554,296,0
1000,678.451,293,0
1000,653.879,257,0
1000,679.984,333,0
1000,693.944,331,0
1000,691.124,337,0
1000,682.413,307,0
1000,662.47,264,0
1000,675.443,245,0
1000,661.089,216,0
1000,663.885,288,0
1000,673.353,291,0
1000,685.169,295,0
1000,670.302,299,0
1000,671.886,292,0
1000,681.76,344,0
1000,663.425,279,0
1000,681.943,260,0
1000,682.944,333,0
1000,667.438,298,0
1000,673.496,279,0
1000,666.953,225,0
1000,647.75,274,0
1000,662.05,293,0
1000,658.213,274,0
1000,669.324,297,0
1000,678.3,311,0
1000,660.698,305,0
1000,669.256,289,0
1000,679.005,313,0
1000,653.238,290,0
1000,676.454,303,0
1000,692.735,322,0
1000,676.374,306,0
1000,678.316,318,0
1000,675.616,292,0
1000,660.163,235,0
1000,646.548,224,0
1000,673.198,256,0
1000,656.284,280,0
1000,654.12,292,0
1000,657.208,286,0
1000,680.461,321,0
1000,664.107,305,0
1000,663.261,307,0
1000,684.642,273,0
1000,685.021,324,0
1000,677.277,318,0
1000,660.731,255,0
1000,675.072,324,0
1000,679.551,286,0
1000,679.027,289,0
1000,689.974,312,0
1000,679.691,309,0
1000,681.079,301,0
1000,672.881,293,0
1000,680.465,309,0
1000,674.815,314,0
1000,662.378,280,0
1000,690.913,341,0
1000,677.227,269,0
1000,680.903,299,0
1000,684.303,322,0
1000,660.889,273,0
1000,669.079,295,0
1000,655.324,292,0
1000,700.778,301,0
1000,683.057,336,0
1000,663.111,315,0
1000,670.992,319,0
1000,680.223,258,0
1000,688.151,269,0
1000,692.676,270,0
1000,672.077,316,0
1000,656.939,287,0
1000,698.647,301,0
1000,698.534,329,0
1000,682.279,292,0
1000,677.361,288,0
1000,674.586,262,0
1000,685.329,273,0
1000,641.797,256,0
1000,684.515,258,0
1000,667.306,234,0
1000,673.792,224,0
1000,655.628,245,0
1000,665.527,218,0
1000,655.108,211,0
1000,661.734,306,0
1000,671.945,308,0
1000,668.945,320,0
1000,662.79,294,0
1000,658.121,267,0
1000,689.343,332,0
1000,675.779,292,0
1000,663.312,289,0
1000,659.619,285,0
1000,685.75,298,0
1000,671.021,300,0
1000,664.691,294,0
1000,669.989,301,0
1000,661.735,302,0
1000,666.364,286,0
1000,683.984,289,0
1000,675.516,318,0
1000,658.917,282,0
1000,666.805,274,0
1000,677.638,324,0
1000,667.915,268,0
1000,665.149,229,0
1000,677.307,255,0
1000,679.073,320,0
1000,688.055,330,0
1000,688.308,323,0
1000,664.244,248,0
1000,682.135,268,0
1000,670.589,306,0
1000,653.203,282,0
1000,653.483,266,0
1000,688.671,339,0
1000,665.655,284,0
1000,662.588,238,0
1000,670.907,224,0
1000,673.689,293,0
1000,672.172,281,0
1000,675.592,301,0
1000,684.864,284,0
1000,677.99,247,0
1000,652.052,256,0
1000,689.585,254,0
1000,670.637,295,0
1000,673.306,296,0
1000,681.564,270,0
1000,669.297,303,0
1000,672.335,304,0
1000,665.012,287,0
1000,657.845,293,0
1000,674.434,310,0
1000,670.137,313,0
1000,679.113,311,0
1000,673.239,288,0
1000,670.256,285,0
1000,682.641,297,0
1000,659.995,306,0
1000,669.691,284,0
1000,650.135,286,0
1000,662.854,296,0
1000,670.713,329,0
1000,656.347,282,0
1000,633.099,230,0
1000,670.211,258,0
1000,674.014,314,0
1000,678.759,336,0
1000,691.209,308,0
1000,659.567,287,0
1000,664.551,266,0
1000,675.924,311,0
1000,657.768,269,0
1000,696.337,317,0
1000,677.64,293,0
1000,668.106,315,0
1000,673.548,319,0
1000,671.4,304,0
1000,677.82,303,0
1000,662.063,265,0
1000,658.136,306,0
1000,662.518,301,0
1000,663.099,301,0
1000,671.335,304,0
1000,683.805,323,0
1000,658.673,305,0
1000,674.749,271,0
1000,665.962,289,0
1000,663.735,257,0
1000,657.276,245,0
1000,679.183,232,0
1000,659.865,302,0
1000,652.912,288,0
1000,670.257,304,0
1000,669.682,306,0
1000,677.744,284,0
1000,660.373,307,0
1000,676.954,323,0
1000,673.571,289,0
1000,666.006,283,0
1000,681.443,299,0
1000,665.743,285,0
1000,684.894,311,0
1000,670.725,287,0
1000,661.556,295,0
1000,688.968,325,0
1000,672.7,297,0
1000,656.394,250,0
1000,662.275,277,0
1000,666.67,302,0
1000,665.857,309,0
1000,664.059,271,0
1000,669.882,299,0
1000,670.99,306,0
1000,679.097,293,0
1000,663.799,304,0
1000,681.925,307,0
1000,670.853,284,0
1000,662.009,233,0
1000,665.123,236,0
1000,685.341,250,0
1000,687.078,291,0
1000,672.038,299,0
1000,685.489,291,0
1000,663.699,295,0
1000,681.646,305,0
1000,673.004,282,0
1000,660.906,258,0
1000,685.009,337,0
1000,681.299,256,0
1000,658.817,263,0
1000,677.76,316,0
1000,665.107,291,0
1000,674.872,290,0
1000,653.915,239,0
1000,672.35,328,0
1000,677.594,315,0
1000,667.065,275,0
1000,668.03,274,0
1000,685.597,284,0
1000,666.75,324,0
1000,690.482,310,0
1000,680.719,331,0
1000,672.517,323,0
1000,668.373,263,0
1000,651.697,290,0
1000,662.245,298,0
1000,670.113,291,0
1000,681.808,303,0
1000,649.931,263,0
1000,665.474,300,0
1000,654.468,308,0
1000,673.555,331,0
1000,676.537,302,0
1000,663.942,304,0
1000,670.541,314,0
1000,683.457,301,0
1000,664.132,277,0
1000,656.254,221,0
1000,677.96,321,0
1000,669.825,292,0
1000,657.137,326,0
1000,679.152,294,0
1000,669.439,302,0
1000,665.411,308,0
1000,660.312,282,0
1000,651.676,281,0
1000,669.528,316,0
1000,655.707,248,0
1000,671.188,303,0
1000,674.363,294,0
1000,658.304,289,0
1000,657.461,311,0
1000,677.475,312,0
1000,670.182,321,0
1000,663.169,290,0
1000,654.963,292,0
1000,663.262,314,0
1000,661.495,321,0
1000,648.228,290,0
1000,658.078,310,0
1000,664.189,326,0
1000,659.593,308,0
1000,661.542,300,0
1000,664.219,314,0
1000,685.192,320,0
1000,658.118,288,0
1000,662.271,295,0
1000,678.886,322,0
1000,671.19,279,0
1000,651.137,295,0
1000,673.169,328,0
1000,651.756,294,0
1000,675.192,326,0
1000,668.16,313,0
1000,667.555,300,0
1000,650.059,271,0
1000,656.695,261,0
1000,658.164,255,0
1000,674.509,300,0
1000,662.471,300,0
1000,667.549,315,0
1000,657.761,273,0
1000,651.42,305,0
1000,673.93,319,0
1000,660.889,310,0
1000,664.761,331,0
1000,673.627,314,0
1000,658.227,265,0
1000,677.284,257,0
1000,678.958,323,0
1000,664.774,293,0
1000,668.261,307,0
1000,670.698,279,0
1000,667.493,255,0
1000,670.93,286,0
1000,652.533,293,0
1000,669.712,302,0
1000,675.369,270,0
1000,658.361,225,0
1000,666.088,213,0
1000,655.323,196,0
1000,660.342,285,0
1000,683.426,306,0
1000,647.8,258,0
1000,668.219,269,0
1000,664.027,244,0
1000,667.531,290,0
1000,691.511,291,0
1000,668.654,305,0
1000,654.781,279,0
1000,669.524,283,0
1000,657.711,285,0
1000,660.213,293,0
1000,665.299,293,0
1000,652.073,280,0
1000,676.092,320,0
1000,667.707,303,0
1000,666.705,308,0
1000,655.653,274,0
1000,687.353,299,0
1000,667.996,265,0
1000,667.93,297,0
1000,684.49,273,0
1000,677.193,257,0
1000,673.139,265,0
1000,668.476,279,0
1000,668.98,311,0
1000,667.459,318,0
1000,666.528,310,0
1000,664.414,286,0
1000,656.159,283,0
1000,689.657,346,0
1000,666.969,308,0
1000,665.369,286,0
1000,667.772,322,0
1000,675.312,308,0
1000,670.228,298,0
1000,685.817,325,0
1000,674.514,314,0
1000,657.987,286,0
1000,672.146,299,0
1000,674.708,292,0
1000,672.533,249,0
1000,674.53,245,0
1000,682.038,241,0
1000,669.908,207,0
1000,671.544,184,0
1000,675.922,262,0
1000,676.354,317,0
1000,664.778,284,0
1000,669.274,252,0
1000,665.57,279,0
1000,692.774,286,0
1000,683.545,232,0
1000,677.34,275,0
1000,679.236,253,0
1000,669.021,208,0
1000,668.278,296,0
1000,679.478,302,0
1000,668.545,303,0
1000,689.879,304,0
1000,669.59,289,0
1000,672.895,267,0
1000,687.065,323,0
1000,679.14,292,0
1000,663.569,245,0
1000,676.489,297,0
1000,672.885,308,0
1000,669.014,259,0
1000,660,232,0
1000,662.259,292,0
1000,669.416,301,0
1000,681.868,295,0
1000,666.798,312,0
1000,672.739,293,0
1000,685.866,318,0
1000,661.623,272,0
1000,684.618,284,0
1000,693.34,255,0
1000,683.289,318,0
1000,673.113,307,0
1000,683.295,292,0
1000,668.504,300,0
1000,669.185,289,0
1000,657.704,270,0
1000,664.072,257,0
1000,669.288,229,0
1000,672.194,230,0
1000,682.731,304,0
1000,678.281,317,0
1000,684.661,305,0
1000,675.696,313,0
1000,686.526,319,0
1000,673.912,306,0
1000,683.649,266,0
1000,669.648,284,0
1000,678.978,273,0
1000,681.702,293,0
1000,675.444,315,0
1000,681.692,287,0
1000,694.559,302,0
1000,686.083,239,0
1000,675.084,307,0
1000,678.406,296,0
1000,685.359,302,0
1000,678.179,301,0
1000,678.994,311,0
1000,677.767,299,0
1000,694.779,295,0
1000,677.632,264,0
1000,682.71,303,0
1000,678.853,294,0
1000,690.244,310,0
1000,678.311,278,0
1000,686.222,250,0
1000,668.879,239,0
1000,669.12,214,0
1000,664.798,230,0
1000,682.646,329,0
1000,672.984,304,0
1000,669.785,261,0
1000,681.51,259,0
1000,669.517,280,0
1000,677.32,255,0
1000,665.443,276,0
1000,684.655,300,0
1000,677.195,288,0
1000,688.12,291,0
1000,664.917,296,0
1000,664.965,281,0
1000,669.222,289,0
1000,668.969,319,0
1000,677.588,312,0
1000,671.036,283,0
1000,676.096,312,0
1000,679.188,312,0
1000,675.421,298,0
1000,677.648,287,0
1000,684.754,289,0
1000,684.171,240,0
1000,682.339,234,0
1000,692.3,318,0
1000,672.106,310,0
1000,671.544,272,0
1000,659.714,268,0
1000,661.743,253,0
1000,671.658,227,0
1000,675.005,293,0
1000,675.796,286,0
1000,671.859,297,0
1000,678.206,286,0
1000,639.315,238,0
1000,665.177,277,0
1000,687.75,298,0
1000,657.98,239,0
1000,683.104,320,0
1000,678.5,272,0
1000,678.81,243,0
1000,664.941,279,0
1000,683.901,308,0
1000,679.593,287,0
1000,678.477,313,0
1000,680.318,305,0
1000,680.204,307,0
1000,679.207,300,0
1000,673.073,295,0
1000,673.846,244,0
1000,670.749,295,0
1000,679.296,267,0
1000,691.116,314,0
1000,670.305,306,0
1000,670.693,284,0
1000,688.765,329,0
1000,675.848,310,0
1000,679.408,312,0
1000,662.654,296,0
1000,686.219,322,0
1000,674.74,329,0
1000,677.534,304,0
1000,670.801,270,0
1000,699.648,284,0
1000,662.979,304,0
1000,661.868,297,0
1000,663.86,266,0
1000,675.763,310,0
1000,653.324,284,0
1000,674.331,290,0
1000,667.307,322,0
1000,683.729,335,0
1000,652.599,254,0
1000,677.298,315,0
1000,669.885,320,0
1000,665.665,318,0
1000,664.682,284,0
1000,662.53,249,0
1000,674.893,234,0
1000,666.705,284,0
1000,664.231,273,0
1000,677.5,293,0
1000,662.157,263,0
1000,681.65,256,0
1000,662.61,290,0
1000,677.999,310,0
1000,695.81,325,0
1000,656.12,289,0
1000,680.509,273,0
1000,682.895,286,0
1000,661.301,220,0
1000,678.8,222,0
1000,667.855,211,0
1000,679.36,219,0
1000,667.586,207,0
1000,668.618,191,0
1000,698.34,331,0
1000,688.9,303,0
1000,677.258,311,0
1000,655.453,290,0
1000,689.904,273,0
1000,681.047,297,0
1000,667.265,289,0
1000,687.352,325,0
1000,665.763,296,0
1000,684.423,297,0
1000,669.519,306,0
1000,664.559,279,0
1000,674.849,254,0
1000,668.757,253,0
1000,669.08,263,0
1000,658.015,277,0
1000,672.921,274,0
1000,659.66,306,0
1000,681.913,305,0
1000,665.156,286,0
1000,674.07,269,0
1000,672.045,208,0
1000,688.461,321,0
1000,674.386,327,0
1000,659.567,277,0
1000,674.271,310,0
1000,669.658,305,0
1000,658.279,274,0
1000,681.339,307,0
1000,685.657,316,0
1000,673.027,274,0
1000,661.103,276,0
1000,678.938,296,0
1000,672.56,292,0
1000,664.403,292,0
1000,683.259,319,0
1000,652.548,277,0
1000,680.491,320,0
1000,663.227,293,0
1000,664.218,309,0
1000,680.793,314,0
1000,670.829,282,0
1000,656.799,304,0
1000,665.79,290,0
1000,649.886,299,0
1000,675.706,313,0
1000,675.135,303,0
1000,651.832,286,0
1000,674.248,269,0
1000,665.181,252,0
1000,655.811,236,0
1000,681.831,247,0
1000,659.844,249,0
1000,680.965,262,0
1000,669.478,226,0
1000,664.914,280,0
1000,674.445,305,0
1000,665.527,271,0
1000,669.938,301,0
1000,663.049,315,0
1000,674.633,312,0
1000,681.455,312,0
1000,668.317,304,0
1000,671.709,292,0
1000,671.009,273,0
1000,669.864,317,0
1000,653.522,291,0
1000,681.865,304,0
1000,666.737,301,0
1000,658.049,282,0
1000,668.641,303,0
1000,657.039,285,0
1000,680.019,319,0
1000,661.436,307,0
1000,667.546,320,0
1000,659.216,288,0
1000,670.423,258,0
1000,658.977,312,0
1000,678.843,333,0
1000,645.612,283,0
1000,669.928,311,0
1000,648.705,259,0
1000,660.853,309,0
1000,660.35,291,0
1000,666.207,293,0
1000,687.18,325,0
1000,669.157,316,0
1000,666.398,321,0
1000,655.718,249,0
1000,657.097,237,0
1000,649.202,277,0
1000,655.545,297,0
1000,661.431,317,0
1000,671.269,306,0
1000,686.81,310,0
1000,658.907,291,0
1000,667.424,275,0
1000,676.919,270,0
1000,658.664,304,0
1000,651.08,302,0
1000,652.027,296,0
1000,655.632,256,0
1000,669.275,317,0
1000,658.63,293,0
1000,650.818,284,0
1000,660.554,288,0
1000,663.059,315,0
1000,657.592,311,0
1000,663.087,275,0
1000,663.039,323,0
1000,672.139,321,0
1000,644.031,273,0
1000,656.649,314,0
1000,659.915,297,0
1000,652.521,284,0
1000,668.536,314,0
1000,660.371,317,0
1000,677.093,326,0
1000,673.875,317,0
1000,652.028,308,0
1000,665.336,310,0
1000,684.296,333,0
1000,680.559,341,0
1000,664.835,304,0
1000,641.808,277,0
1000,677.297,322,0
1000,669.574,274,0
1000,664.653,298,0
1000,656.296,284,0
1000,672.091,293,0
1000,669.671,315,0
1000,671.383,297,0
1000,647.337,289,0
1000,671.94,319,0
1000,650.609,297,0
1000,664.784,317,0
1000,656.284,272,0
1000,647.109,283,0
1000,672.395,324,0
1000,666.911,311,0
1000,667.195,318,0
1000,670.081,313,0
1000,671.026,312,0
1000,655.965,279,0
1000,678.886,271,0
1000,650.834,262,0
1000,672.073,298,0
1000,661.34,297,0
1000,664.221,319,0
1000,653.393,256,0
1000,665.626,274,0
1000,653.594,266,0
1000,662.618,254,0
1000,669.529,244,0
1000,672.851,254,0
1000,672.512,322,0
1000,674.515,323,0
1000,654.33,260,0
1000,664.345,264,0
1000,658.564,253,0
1000,667.108,323,0
1000,648.862,256,0
1000,677.536,348,0
1000,664.409,310,0
1000,684.942,320,0
1000,671.204,308,0
1000,672.091,332,0
1000,663.539,280,0
1000,673.012,308,0
1000,663.525,300,0
1000,655.895,281,0
1000,667.766,280,0
1000,648.966,261,0
1000,654.083,229,0
1000,678.908,287,0
1000,672.494,233,0
1000,657.105,302,0
1000,660.539,289,0
1000,684.176,339,0
1000,658.867,296,0
1000,664.074,264,0
1000,654.637,297,0
1000,659.75,256,0
1000,654.003,299,0
1000,654.632,312,0
1000,659.7,297,0
1000,689.102,333,0
1000,651.681,269,0
1000,675.985,317,0
1000,668.986,299,0
1000,680.468,341,0
1000,677.219,303,0
1000,677.892,308,0
1000,667.138,326,0
1000,673.624,325,0
1000,667.986,283,0
1000,662.008,296,0
1000,670.062,315,0
1000,667.283,302,0
1000,666.41,314,0
1000,659.191,306,0
1000,663.718,289,0
1000,665.063,335,0
1000,659.931,302,0
1000,680.69,329,0
1000,668.549,324,0
1000,681.113,343,0
1000,689.898,330,0
1000,669.507,311,0
1000,665.635,290,0
1000,664.01,255,0
1000,676.012,251,0
1000,678.607,285,0
1000,657.903,304,0
1000,659.714,286,0
1000,676.584,328,0
1000,645.425,292,0
1000,694.763,336,0
1000,662.42,253,0
1000,668.274,268,0
1000,656.014,278,0
1000,664.896,304,0
1000,661.706,300,0
1000,648.392,286,0
1000,669.936,282,0
1000,670.817,274,0
1000,657.023,284,0
1000,673.823,265,0
1000,670.756,249,0
1000,688.391,343,0
1000,659.175,314,0
1000,664.649,304,0
1000,662.356,325,0
1000,668.736,288,0
1000,656.354,299,0
1000,664.702,315,0
1000,662.137,296,0
1000,670.758,261,0
1000,659.882,293,0
1000,669.142,313,0
1000,660.338,303,0
1000,661.718,293,0
1000,683.483,333,0
1000,668.844,307,0
1000,680.803,284,0
1000,679.642,236,0
1000,659.498,274,0
1000,665.475,297,0
1000,658.825,273,0
1000,652.831,286,0
1000,682.987,317,0
1000,668.205,327,0
1000,677.55,289,0
1000,685.297,306,0
1000,663.395,239,0
1000,664.438,316,0
1000,682.354,334,0
1000,681.091,335,0
1000,661.411,291,0
1000,682.309,309,0
1000,681.574,345,0
1000,671.195,321,0
1000,668.928,320,0
1000,666.84,291,0
1000,685.833,329,0
1000,685.387,325,0
1000,666.388,283,0
1000,678.913,256,0
1000,670.214,289,0
1000,676.322,291,0
1000,671.022,320,0
1000,682.745,314,0
1000,677.391,297,0
1000,680.983,336,0
1000,664.006,302,0
1000,660.382,301,0
1000,665.956,310,0
1000,679.875,323,0
1000,686.273,327,0
1000,674.192,321,0
1000,664.429,310,0
1000,667.047,303,0
1000,671.461,329,0
1000,676.462,323,0
1000,668.422,334,0
1000,674.284,292,0
1000,662.014,272,0
1000,674.754,316,0
1000,681.467,327,0
1000,660.914,319,0
1000,666.486,293,0
1000,653.674,241,0
1000,656.282,300,0
1000,672.77,325,0
1000,673.02,320,0
1000,670.87,291,0
1000,661.222,244,0
1000,671.562,255,0
1000,661.67,254,0
1000,665.165,272,0
1000,670.93,309,0
1000,687.778,292,0
1000,669.756,261,0
1000,661.755,274,0
1000,662.532,263,0
1000,666.374,323,0
1000,668.483,317,0
1000,674.434,337,0
1000,672.172,309,0
1000,674.403,315,0
1000,663.733,304,0
1000,682.884,330,0
1000,669.442,312,0
1000,667.379,314,0
1000,702.468,337,0
1000,671.585,276,0
1000,666.528,247,0
1000,673.522,209,0
1000,664.384,326,0
1000,676.062,343,0
1000,663.834,320,0
1000,669.489,300,0
1000,670.474,288,0
1000,661.794,307,0
1000,670.42,296,0
1000,661.297,267,0
1000,678.252,318,0
1000,669.61,298,0
1000,674.414,327,0
1000,682.804,322,0
1000,670.383,262,0
1000,669.507,315,0
1000,665.781,278,0
1000,675.753,325,0
1000,675.549,333,0
1000,677.494,294,0
1000,670.908,335,0
1000,677.694,333,0
1000,686.752,330,0
1000,678.926,294,0
1000,674.7,289,0
1000,684.959,348,0
1000,675.22,317,0
1000,681.446,304,0
1000,665.558,290,0
1000,671.937,286,0
1000,659.422,311,0
1000,688.466,329,0
1000,655.004,300,0
1000,666.124,274,0
1000,663.359,315,0
1000,673.913,298,0
1000,670.916,316,0
1000,660.083,265,0
1000,660.463,294,0
1000,664.181,302,0
1000,661.312,310,0
1000,683.872,314,0
1000,653.807,235,0
1000,664.597,303,0
1000,677.925,290,0
1000,665.159,305,0
1000,673.907,337,0
1000,676.644,338,0
1000,654.62,301,0
1000,687.978,337,0
1000,668.422,286,0
1000,661.418,277,0
1000,671.557,299,0
1000,671.967,304,0
1000,668.189,252,0
1000,671.245,312,0
1000,683.282,327,0
1000,665.873,304,0
1000,678.563,309,0
1000,666.237,260,0
1000,669.362,316,0
1000,669.178,315,0
1000,666.003,301,0
1000,671.976,321,0
1000,657.922,293,0
1000,682.384,310,0
1000,664.143,260,0
1000,665.467,299,0
1000,675.071,307,0
1000,656.179,292,0
1000,675.42,308,0
1000,665.007,322,0
1000,678.673,318,0
1000,672.086,289,0
1000,672.77,269,0
1000,672,269,0
1000,676.981,244,0
1000,670.191,225,0
1000,693.016,342,0
1000,659.535,264,0
1000,667.279,304,0
1000,674.351,307,0
1000,670.397,311,0
1000,671.818,299,0
1000,669.046,307,0
1000,666.32,295,0
1000,642.021,261,0
1000,671.004,312,0
1000,673.586,297,0
1000,684.945,319,0
1000,655.95,268,0
1000,667.214,298,0
1000,671.381,272,0
1000,656.789,284,0
1000,670.966,326,0
1000,662.106,313,0
1000,675.646,311,0
1000,672.638,296,0
1000,670.127,326,0
1000,657.582,308,0
1000,664.415,319,0
1000,669.038,314,0
1000,666.987,287,0
1000,665.224,294,0
1000,673.397,306,0
1000,668.192,278,0
1000,675.372,258,0
1000,668.781,220,0
1000,674.485,233,0
1000,644.308,290,0
1000,668.357,310,0
1000,680.04,333,0
1000,663.828,305,0
1000,659.157,300,0
1000,669.287,353,0
1000,662.357,295,0
1000,670.583,321,0
1000,670.353,309,0
1000,670.45,308,0
1000,656.976,254,0
1000,650.737,282,0
1000,674.848,308,0
1000,650.942,287,0
1000,666.47,320,0
1000,672.666,313,0
1000,673.441,272,0
1000,655.127,290,0
1000,661.336,300,0
1000,665.84,300,0
1000,666.982,290,0
1000,681.222,277,0
1000,663.756,256,0
1000,654.884,245,0
1000,664.172,311,0
1000,666.783,320,0
1000,673.149,297,0
1000,676.518,339,0
1000,667.374,277,0
1000,659.823,299,0
1000,677.396,329,0
1000,675.847,305,0
1000,669.902,282,0
1000,662.666,271,0
1000,669.18,330,0
1000,666.952,324,0
1000,659.854,297,0
1000,680.932,256,0
1000,688.275,319,0
1000,667.957,271,0
1000,680.023,347,0
1000,666.043,304,0
1000,687.638,352,0
1000,676.96,336,0
1000,663.125,308,0
1000,682.801,320,0
1000,683.321,277,0
1000,680.278,254,0
1000,681.068,229,0
1000,670.539,268,0
1000,655.921,264,0
1000,689.991,288,0
1000,660.214,251,0
1000,663.327,249,0
1000,658.749,221,0
1000,677.835,329,0
1000,649.963,303,0
1000,677.205,291,0
1000,665.565,248,0
1000,685.505,309,0
1000,685.528,329,0
1000,674.124,337,0
1000,685.415,328,0
1000,650.719,282,0
1000,644.749,287,0
1000,678.725,332,0
1000,669.204,313,0
1000,661.246,293,0
1000,681.793,328,0
1000,652.523,269,0
1000,665.993,304,0
1000,668.179,294,0
1000,659.916,300,0
1000,682.341,304,0
1000,656.679,247,0
1000,680.483,296,0
1000,669.932,279,0
1000,659.64,254,0
1000,676.864,309,0
1000,662.55,305,0
1000,688.619,305,0
1000,664.754,272,0
1000,663.958,233,0
1000,660.271,229,0
1000,661.471,305,0
1000,666.325,308,0
1000,680.382,300,0
1000,671.293,319,0
1000,676.448,330,0
1000,659.42,281,0
1000,673.765,328,0
1000,670.265,290,0
1000,662.499,258,0
1000,662.688,264,0
1000,669.086,332,0
1000,675.381,336,0
1000,671.945,300,0
1000,671.011,309,0
1000,682.602,344,0
1000,679.099,308,0
1000,664.228,278,0
1000,680.41,328,0
1000,667.778,312,0
1000,675.236,325,0
1000,654.471,280,0
1000,658.149,299,0
1000,675.725,318,0
1000,654.531,308,0
1000,667.956,312,0
1000,682.098,301,0
1000,668.347,302,0
1000,670.932,321,0
1000,679.622,313,0
1000,682.242,320,0
1000,666.519,292,0
1000,654.656,273,0
1000,685.534,304,0
1000,671.457,260,0
1000,689.917,253,0
1000,665.811,323,0
1000,673.939,283,0
1000,661.499,290,0
1000,680.073,319,0
1000,686.321,319,0
1000,673.063,267,0
1000,674.049,241,0
1000,674.222,305,0
1000,670.529,314,0
1000,684.192,325,0
1000,683.45,305,0
1000,688.165,330,0
1000,655.423,289,0
1000,687.361,314,0
1000,658.368,309,0
1000,669.197,284,0
1000,688.285,332,0
1000,679.783,273,0
1000,667.165,257,0
1000,671.091,283,0
1000,665.709,301,0
1000,663.372,298,0
1000,686.783,331,0
1000,668.757,327,0
1000,670.424,296,0
1000,670.051,314,0
1000,657.594,290,0
1000,675.395,322,0
1000,660.904,314,0
1000,668.004,324,0
1000,667.656,322,0
1000,678.211,324,0
1000,663.307,279,0
1000,659.36,242,0
1000,680.228,293,0
1000,684.516,328,0
1000,659.482,281,0
1000,674.057,326,0
1000,662.45,285,0
1000,680.446,264,0
1000,675.609,288,0
1000,659.519,240,0
1000,671.251,315,0
1000,679.844,312,0
1000,674.87,288,0
1000,645.855,274,0
1000,670.117,326,0
1000,672.336,333,0
1000,664.875,279,0
1000,670.087,292,0
1000,660.23,324,0
1000,678.116,325,0
1000,655.276,275,0
1000,673.587,288,0
1000,660.607,299,0
1000,665.591,305,0
1000,674.117,335,0
1000,656.952,296,0
1000,666.897,327,0
1000,686.56,312,0
1000,663.717,289,0
1000,657.16,263,0
1000,665.615,229,0
1000,666.711,224,0
1000,662.368,252,0
1000,670.931,319,0
1000,668.028,320,0
1000,673.837,314,0
1000,673.186,327,0
1000,675.531,291,0
1000,672.336,298,0
1000,658.071,306,0
1000,668.618,307,0
1000,658.468,282,0
1000,663.661,269,0
1000,673.799,286,0
1000,660.9,306,0
1000,661.677,315,0
1000,671.539,323,0
1000,687.034,353,0
1000,664.739,288,0
1000,677.96,301,0
1000,675.535,315,0
1000,677.367,289,0
1000,654.599,275,0
1000,672.464,297,0
1000,655.721,268,0
1000,671.99,256,0
1000,652.492,235,0
1000,648.219,235,0
1000,663.549,264,0
1000,652.084,295,0
1000,659.526,301,0
1000,660.027,304,0
1000,688.075,359,0
1000,684.243,334,0
1000,660.838,265,0
1000,654.817,315,0
1000,666.412,272,0
1000,658.873,296,0
1000,680.285,326,0
1000,664.701,268,0
1000,675.162,315,0
1000,655.142,300,0
1000,667.433,298,0
1000,675.568,302,0
1000,662.104,277,0
1000,663.793,305,0
1000,651.14,281,0
1000,671.378,297,0
1000,661.427,305,0
1000,661.407,261,0
1000,658.427,286,0
1000,674.168,283,0
1000,651.104,286,0
1000,657.889,303,0
1000,641.513,291,0
1000,672.491,299,0
1000,659.339,318,0
1000,655.514,265,0
1000,662.018,260,0
1000,668.732,259,0
1000,674.623,274,0
1000,685.965,328,0
1000,680.989,323,0
1000,668.049,313,0
1000,668.964,295,0
1000,675.827,315,0
1000,660.287,303,0
1000,666.157,288,0
1000,665.533,308,0
1000,679.28,311,0
1000,681.9,289,0
1000,661.946,309,0
1000,671.136,304,0
1000,679.632,318,0
1000,654.77,300,0
1000,662.498,297,0
1000,674.58,306,0
1000,678.432,310,0
1000,666.952,270,0
1000,670.688,229,0
1000,690.625,328,0
1000,671.501,316,0
1000,672.613,286,0
1000,672.46,265,0
1000,696.361,321,0
1000,684.983,298,0
1000,651.523,246,0
1000,676.968,297,0
1000,663.726,286,0
1000,669.7,313,0
1000,680.971,318,0
1000,658.207,281,0
1000,667.446,305,0
1000,687.108,260,0
1000,676.226,312,0
1000,672.79,292,0
1000,673.734,275,0
1000,677.852,287,0
1000,661.452,298,0
1000,659.558,287,0
1000,665.482,290,0
1000,655.7,261,0
1000,672.18,230,0
1000,676.072,314,0
1000,664.437,291,0
1000,686.839,319,0
1000,672.257,268,0
1000,669.87,307,0
1000,666.334,283,0
1000,657.38,313,0
1000,673.502,288,0
1000,655.146,304,0
1000,658.277,279,0
1000,680.619,317,0
1000,667.185,312,0
1000,665.624,332,0
1000,664.677,307,0
1000,663.858,279,0
1000,669.131,322,0
1000,687.489,323,0
1000,662.152,286,0
1000,675.046,294,0
1000,672.371,301,0
1000,659.979,250,0
1000,673.336,299,0
1000,656.672,296,0
1000,682.086,329,0
1000,666.745,317,0
1000,658.756,280,0
1000,672.557,298,0
1000,656.811,249,0
1000,672.863,230,0
1000,699.654,280,0
1000,667.924,319,0
1000,659.284,282,0
1000,659.341,270,0
1000,661.154,245,0
1000,663.953,303,0
1000,654.689,270,0
1000,670.257,322,0
1000,658.818,294,0
1000,686.903,344,0
1000,673.514,323,0
1000,688.17,327,0
1000,678.309,284,0
1000,672.96,312,0
1000,664.997,315,0
1000,657.226,303,0
1000,672.508,325,0
1000,671.517,338,0
1000,673.07,307,0
1000,658.59,298,0
1000,674.111,304,0
1000,685.79,312,0
1000,673.479,304,0
1000,672.009,319,0
1000,688.69,339,0
1000,657.43,284,0
1000,676.597,292,0
1000,654.672,276,0
1000,680.966,316,0
1000,657.412,306,0
1000,648.408,293,0
1000,662.122,306,0
1000,678.485,280,0
1000,659.769,291,0
1000,671.81,279,0
1000,692.842,335,0
1000,669.055,291,0
1000,654.036,260,0
1000,673.701,304,0
1000,674.053,273,0
1000,665.521,268,0
1000,659.75,252,0
1000,668.398,303,0
1000,652.999,289,0
1000,670.85,250,0
1000,652.969,273,0
1000,666.603,304,0
1000,650.956,250,0
1000,668.823,256,0
1000,668.795,292,0
1000,673.554,334,0
1000,676.005,333,0
1000,656.183,276,0
1000,650.412,275,0
1000,663.653,300,0
1000,653.622,266,0
1000,656.587,228,0
1000,681.607,298,0
1000,660.236,291,0
1000,684.734,322,0
1000,685.05,328,0
1000,682.802,330,0
1000,682.074,331,0
1000,651.506,324,0
1000,671.694,325,0
1000,673.762,306,0
1000,675.773,301,0
1000,663.691,293,0
1000,649.949,275,0
1000,675.818,340,0
1000,672.581,336,0
1000,664.241,322,0
1000,671.815,319,0
1000,651.754,301,0
1000,650.433,296,0
1000,665.103,303,0
1000,661.925,312,0
1000,664.712,338,0
1000,666.091,316,0
1000,671.341,319,0
1000,656.711,328,0
1000,665.803,317,0
1000,652.213,281,0
1000,645.099,267,0
1000,674.578,325,0
1000,656.651,303,0
1000,659.768,318,0
1000,663.579,321,0
1000,648.814,278,0
1000,670.737,307,0
1000,665.141,309,0
1000,654.892,297,0
1000,666.895,308,0
1000,669.693,328,0
1000,671.916,316,0
1000,656.356,271,0
1000,663.345,282,0
1000,654.601,241,0
1000,671.97,336,0
1000,673.724,286,0
1000,672.575,294,0
1000,663.431,266,0
1000,653.779,277,0
1000,672.898,324,0
1000,673.094,303,0
1000,656.732,309,0
1000,670.992,280,0
1000,664.274,311,0
1000,670.214,282,0
1000,648.717,276,0
1000,681.434,271,0
1000,668.513,309,0
1000,668.669,294,0
1000,667.314,303,0
1000,663.853,313,0
1000,676.711,316,0
1000,674.983,291,0
1000,657.736,297,0
1000,673.704,308,0
1000,658.975,288,0
1000,677.295,316,0
1000,659.005,259,0
1000,665.495,313,0
1000,678.353,323,0
1000,684.291,328,0
1000,654.366,283,0
1000,672.025,319,0
1000,664.418,278,0
1000,663.981,293,0
1000,651.809,276,0
1000,659.62,305,0
1000,679.649,325,0
1000,664.213,311,0
1000,663.328,273,0
1000,658.62,292,0
1000,679.528,315,0
1000,671.67,303,0
1000,661.361,259,0
1000,671.897,234,0
1000,665.839,227,0
1000,670.959,315,0
1000,661.473,273,0
1000,659.838,299,0
1000,669.181,297,0
1000,643.921,301,0
1000,672.269,297,0
1000,676.298,313,0
1000,657.522,297,0
1000,679.151,313,0
1000,675.291,317,0
1000,661.317,252,0
1000,671.524,268,0
1000,667.607,277,0
1000,671.419,296,0
1000,684.45,306,0
1000,670.713,324,0
1000,666.494,296,0
1000,668.789,304,0
1000,673.622,262,0
1000,670.922,261,0
1000,671.25,305,0
1000,674.712,319,0
1000,688.812,325,0
1000,674.699,301,0
1000,685.509,305,0
1000,670.824,300,0
1000,687.178,303,0
1000,663.007,309,0
1000,673.165,324,0
1000,654.704,301,0
1000,669.747,297,0
1000,676.993,300,0
1000,652.207,284,0
1000,671.995,292,0
1000,666.141,283,0
1000,678.923,273,0
1000,661.164,294,0
1000,662.954,283,0
1000,673.755,285,0
1000,679.328,307,0
1000,676.712,327,0
1000,671.452,281,0
1000,659.071,289,0
1000,674.375,302,0
1000,680.509,296,0
1000,670.468,299,0
1000,685.652,316,0
1000,672.209,303,0
1000,680.658,301,0
1000,664.91,319,0
1000,665.567,322,0
1000,676.985,301,0
1000,671.388,264,0
1000,668.012,241,0
1000,671.01,249,0
1000,670.982,233,0
1000,680.639,281,0
1000,664.747,237,0
1000,659.452,225,0
1000,687.033,313,0
1000,680.261,294,0
1000,665.892,249,0
1000,652.409,227,0
1000,668.151,293,0
1000,679.499,304,0
1000,671.238,305,0
1000,669.021,294,0
1000,688.067,296,0
1000,672.971,278,0
1000,685.667,325,0
1000,683.267,337,0
1000,680.656,329,0
1000,662.379,301,0
1000,666.904,285,0
1000,667.163,301,0
1000,660.095,282,0
1000,665.083,307,0
1000,669.271,289,0
1000,688.037,316,0
1000,680.36,323,0
1000,671.44,284,0
1000,680.274,271,0
1000,694.349,326,0
1000,678.042,296,0
1000,657.581,290,0
1000,668.088,273,0
1000,672.447,306,0
1000,676.667,308,0
1000,678.768,314,0
1000,661.489,269,0
1000,659.797,230,0
1000,651.552,271,0
1000,668.526,263,0
1000,671.15,280,0
1000,667.727,295,0
1000,681.601,297,0
1000,661.59,288,0
1000,668.766,258,0
1000,645.589,259,0
1000,667.641,317,0
1000,679.19,312,0
1000,668.638,296,0
1000,678.219,274,0
1000,665.452,274,0
1000,674.156,290,0
1000,659.761,305,0
1000,666.145,289,0
1000,683.254,281,0
1000,664.297,290,0
1000,658.089,273,0
1000,680.228,306,0
1000,666.173,315,0
1000,684.493,315,0
1000,682.265,309,0
1000,664.535,295,0
1000,692.168,307,0
1000,679.422,338,0
1000,663.836,302,0
1000,670.97,312,0
1000,675.191,304,0
1000,663.079,271,0
1000,665.355,304,0
1000,665.519,302,0
1000,673.508,298,0
1000,669.71,265,0
1000,683.906,304,0
1000,691.247,276,0
1000,655.158,255,0
1000,677.713,334,0
1000,669.59,300,0
1000,661.091,292,0
1000,654.172,279,0
1000,673.662,315,0
1000,662.632,304,0
1000,667.682,292,0
1000,681.319,279,0
1000,674.362,328,0
1000,672.575,297,0
1000,664.151,294,0
1000,687.726,326,0
1000,682.156,322,0
1000,676.237,289,0
1000,678.119,292,0
1000,691.797,286,0
1000,675.775,289,0
1000,667.647,300,0
1000,674.486,269,0
1000,650.4,261,0
1000,674.189,314,0
1000,683.743,323,0
1000,676.841,300,0
1000,673.944,299,0
1000,681.662,285,0
1000,664.818,309,0
1000,673.572,302,0
1000,673.789,304,0
1000,677.833,270,0
1000,662.496,303,0
1000,672.671,292,0
1000,661.125,300,0
1000,683.549,342,0
1000,679.3,303,0
1000,664.346,246,0
1000,662.283,270,0
1000,670.868,286,0
1000,682.328,325,0
1000,679.404,325,0
1000,660.728,311,0
1000,678.982,292,0
1000,680.259,297,0
1000,672.757,316,0
1000,663.831,287,0
1000,666.946,276,0
1000,662.802,262,0
1000,683.608,264,0
1000,672.747,309,0
1000,683.185,317,0
1000,693.18,320,0
1000,669.782,300,0
1000,643.939,283,0
1000,670.046,296,0
1000,672.306,295,0
1000,664.622,281,0
1000,680.55,289,0
1000,667.635,293,0
1000,657.31,239,0
1000,666.267,295,0
1000,654.863,251,0
1000,669.856,309,0
1000,690.601,348,0
1000,675.311,303,0
1000,664.117,313,0
1000,669.224,315,0
1000,655.128,290,0
1000,664.58,290,0
1000,674.576,303,0
1000,665.848,289,0
1000,669.757,300,0
1000,676.21,310,0
1000,670.917,315,0
1000,660.549,296,0
1000,675.626,316,0
1000,670.777,289,0
1000,654.991,290,0
1000,673.171,273,0
1000,663.29,279,0
1000,670.056,261,0
1000,665.156,280,0
1000,679.374,328,0
1000,672.929,320,0
1000,667.754,315,0
1000,690.311,336,0
1000,658.065,268,0
1000,676.928,314,0
1000,663.236,303,0
1000,681.828,288,0
1000,675.388,309,0
1000,680.631,328,0
1000,678.258,308,0
1000,672.901,302,0
1000,664.578,288,0
1000,674.812,279,0
1000,692.294,293,0
1000,688.551,275,0
1000,664.042,308,0
1000,679.713,317,0
1000,681.395,341,0
1000,655.269,260,0
1000,677.855,277,0
1000,663.826,300,0
1000,678.273,313,0
1000,682.961,296,0
1000,665.613,306,0
1000,664.092,287,0
1000,668.891,323,0
1000,647.532,282,0
1000,654.492,293,0
1000,661.456,276,0
1000,682.842,334,0
1000,661.006,302,0
1000,661.591,302,0
1000,684.731,319,0
1000,677.519,330,0
1000,658.096,289,0
1000,678.967,329,0
1000,663.848,321,0
1000,678.922,358,0
1000,677.91,307,0
1000,685.105,336,0
1000,674.378,304,0
1000,649.781,293,0
1000,671.26,320,0
1000,687.654,323,0
1000,656.535,304,0
1000,660.186,287,0
1000,658.895,280,0
1000,676.007,299,0
1000,661.304,303,0
1000,655.811,300,0
1000,686.27,310,0
1000,663.483,285,0
1000,658.934,304,0
1000,681.527,348,0
1000,676.602,333,0
1000,684.264,333,0
1000,685.595,329,0
1000,677.421,293,0
1000,677.593,324,0
1000,659.32,297,0
1000,663.284,312,0
1000,679.21,340,0
1000,660.548,308,0
1000,664.536,289,0
1000,683.651,340,0
1000,646.561,277,0
1000,663.151,297,0
1000,682.8,323,0
1000,668.437,301,0
1000,687.09,296,0
1000,660.71,307,0
1000,688.131,301,0
1000,669.143,258,0
1000,663.658,231,0
1000,667.727,250,0
1000,667.751,234,0
1000,668.357,295,0
1000,656.353,304,0
1000,667.082,275,0
1000,661.234,304,0
1000,675.331,315,0
1000,660.13,290,0
1000,678.906,311,0
1000,660.933,319,0
1000,644.936,249,0
1000,660.181,250,0
1000,678.878,314,0
1000,668.493,318,0
1000,668.085,335,0
1000,682.811,321,0
1000,670.893,299,0
1000,667.879,277,0
1000,669.289,248,0
1000,682.111,274,0
1000,668.834,285,0
1000,661.25,288,0
1000,667.69,269,0
1000,676.005,287,0
1000,680.915,298,0
1000,663.542,300,0
1000,656.858,285,0
1000,654.217,292,0
1000,682.65,306,0
1000,674.806,256,0
1000,672.136,328,0
1000,668.148,297,0
1000,677.098,303,0
1000,671.01,302,0
1000,656.159,278,0
1000,661.654,283,0
1000,657.712,279,0
1000,661.259,318,0
1000,664.934,284,0
1000,679.246,315,0
1000,658.231,299,0
1000,658.563,276,0
1000,655.349,261,0
1000,681.071,286,0
1000,666.833,325,0
1000,678.728,318,0
1000,691.534,345,0
1000,691.168,318,0
1000,670.408,316,0
1000,665.15,287,0
1000,649.852,284,0
1000,664.798,309,0
1000,671.263,307,0
1000,684.81,322,0
1000,655.939,282,0
1000,688.368,323,0
1000,676.175,301,0
1000,685.066,342,0
1000,668.214,306,0
1000,673.899,287,0
1000,682.013,321,0
1000,664.301,274,0
1000,667.402,289,0
1000,640.209,282,0
1000,677.04,282,0
1000,669.254,243,0
1000,662.491,252,0
1000,689.223,320,0
1000,673.389,322,0
1000,674.022,306,0
1000,679.156,331,0
1000,666.219,315,0
1000,646.402,294,0
1000,660.465,297,0
1000,666.365,308,0
1000,663.017,308,0
1000,689.331,326,0
1000,654.492,301,0
1000,672.879,325,0
1000,659.091,283,0
1000,665.231,301,0
1000,659.414,257,0
1000,656.321,297,0
1000,658.598,288,0
1000,661.376,294,0
1000,671.051,324,0
1000,661.952,297,0
1000,664.664,319,0
1000,667.274,309,0
1000,649.716,290,0
1000,675.891,281,0
1000,657.382,247,0
1000,673.083,279,0
1000,665.166,294,0
1000,653.051,282,0
1000,673.345,290,0
1000,665.735,297,0
1000,659.81,293,0
1000,688.901,313,0
1000,665.81,292,0
1000,677.5,330,0
1000,657.432,315,0
1000,662.539,299,0
1000,672.031,282,0
1000,664.863,317,0
1000,674.04,307,0
1000,671.623,307,0
1000,685.385,330,0
1000,656.925,307,0
1000,654.27,313,0
1000,667.319,291,0
1000,654.621,298,0
1000,675.626,330,0
1000,656.502,317,0
1000,672.116,311,0
1000,680.198,329,0
1000,679.654,303,0
1000,668.336,316,0
1000,654.559,271,0
1000,664.618,249,0
1000,673.417,238,0
1000,678.757,318,0
1000,673.869,297,0
1000,673.434,285,0
1000,656.168,318,0
1000,672.759,293,0
1000,688.014,340,0
1000,658.609,270,0
1000,660.389,282,0
1000,655.929,247,0
1000,656.388,253,0
1000,676.197,287,0
1000,667.528,291,0
1000,675.76,313,0
1000,666.467,305,0
1000,675.175,314,0
1000,669.104,316,0
1000,673.622,325,0
1000,681.033,304,0
1000,670.32,278,0
1000,682.953,315,0
1000,659.206,295,0
1000,652.846,302,0
1000,676.942,325,0
1000,665.433,308,0
1000,667.508,307,0
1000,664.759,269,0
1000,656.046,296,0
1000,677.39,291,0
1000,659.391,271,0
1000,677.222,294,0
1000,653.307,275,0
1000,672.294,339,0
1000,681.786,309,0
1000,672.13,315,0
1000,672.648,322,0
1000,672.895,316,0
1000,653.91,292,0
1000,651.7,300,0
1000,660.799,278,0
1000,669.322,288,0
1000,665.902,298,0
1000,663.699,330,0
1000,656.786,287,0
1000,658.41,280,0
1000,664.255,289,0
1000,652.824,308,0
1000,662.081,292,0
1000,676.316,320,0
1000,667.962,331,0
1000,671.518,342,0
1000,674.012,321,0
1000,661.554,309,0
1000,673.627,325,0
1000,665.167,311,0
1000,672.619,332,0
1000,672.124,301,0
1000,664.954,301,0
1000,659.708,289,0
1000,666.157,279,0
1000,669.69,311,0
1000,677.597,324,0
1000,660.124,283,0
1000,666.4,255,0
1000,662.243,295,0
1000,645.314,253,0
1000,661.548,287,0
1000,674.769,291,0
1000,664.238,269,0
1000,654.214,244,0
1000,657.882,233,0
1000,678.208,270,0
1000,664.325,251,0
1000,659.914,319,0
1000,663.429,305,0
1000,664.289,302,0
1000,662.976,316,0
1000,662.098,274,0
1000,656.743,292,0
1000,686.849,319,0
1000,674.092,283,0
1000,667.194,297,0
1000,668.29,308,0
1000,657.237,297,0
1000,675.849,339,0
1000,661.881,264,0
1000,655.514,258,0
1000,657.357,243,0
1000,666.842,307,0
1000,678.613,325,0
1000,678.035,319,0
1000,668.131,313,0
1000,671.662,314,0
1000,657.407,302,0
1000,676.361,313,0
1000,669.842,277,0
1000,658.251,273,0
1000,668.145,252,0
1000,675.78,318,0
1000,659.822,266,0
1000,654.424,312,0
1000,644.692,288,0
1000,666.71,266,0
1000,667.656,230,0
1000,675.52,333,0
1000,651.455,277,0
1000,650.058,286,0
1000,673.573,298,0
1000,678.515,316,0
1000,666.892,281,0
1000,694.868,318,0
1000,692.362,323,0
1000,672.515,312,0
1000,672.935,295,0
1000,663.204,300,0
1000,671.779,307,0
1000,663.115,278,0
1000,637.721,289,0
1000,686.076,331,0
1000,670.121,313,0
1000,663.006,274,0
1000,672.53,274,0
1000,671.709,287,0
1000,657.949,303,0
1000,674.193,336,0
1000,659.883,303,0
1000,687.742,301,0
1000,666.213,265,0
1000,667.077,310,0
1000,667.636,278,0
1000,670.881,313,0
1000,642.408,271,0
1000,661.914,285,0
1000,668.395,281,0
1000,669.48,311,0
1000,663.814,277,0
1000,668.815,292,0
1000,667.931,329,0
1000,651.18,285,0
1000,680.391,333,0
1000,690.456,324,0
1000,662.873,301,0
1000,669.442,315,0
1000,680.879,317,0
1000,671.179,307,0
1000,663.833,290,0
1000,674.919,302,0
1000,680.945,326,0
1000,663.692,271,0
1000,666.951,303,0
1000,657.407,284,0
1000,672.981,279,0
1000,664.329,247,0
1000,672.034,306,0
1000,654.199,296,0
1000,654.418,287,0
1000,688.694,283,0
1000,662.584,244,0
1000,670.433,247,0
1000,666.497,223,0
1000,673.217,283,0
1000,678.405,301,0
1000,659.99,291,0
1000,663.732,315,0
1000,672.684,288,0
1000,658.687,297,0
1000,688.991,333,0
1000,663.2,297,0
1000,669.453,318,0
1000,672.299,319,0
1000,662.234,326,0
1000,666.659,321,0
1000,655.47,274,0
1000,663.958,268,0
1000,681.76,239,0
1000,674.379,336,0
1000,693.174,320,0
1000,674.119,295,0
1000,678.529,298,0
1000,676.723,292,0
1000,690.485,314,0
1000,670.136,277,0
1000,657.562,279,0
1000,669.297,279,0
1000,647.885,234,0
1000,672.399,325,0
1000,675.073,312,0
1000,670.728,334,0
1000,667.786,298,0
1000,682.006,306,0
1000,669.279,313,0
1000,675.899,322,0
1000,676.824,336,0
1000,677.081,305,0
1000,671.118,322,0
1000,670.098,324,0
1000,673.047,320,0
1000,665.292,329,0
1000,680.485,331,0
1000,660.621,261,0
1000,673.16,331,0
1000,663.138,310,0
1000,677.166,327,0
1000,689.077,338,0
1000,668.589,314,0
1000,685.81,344,0
1000,676.78,310,0
1000,668.736,295,0
1000,672.931,326,0
1000,655.529,329,0
1000,665.497,313,0
1000,658.613,300,0
1000,686.367,316,0
1000,662.515,276,0
1000,671.551,315,0
1000,675.882,313,0
1000,686.672,305,0
1000,680.869,339,0
1000,663.985,306,0
1000,674.939,316,0
1000,680.186,338,0
1000,664.198,299,0
1000,666.404,313,0
1000,662.291,271,0
1000,658.097,313,0
1000,649.347,257,0
1000,670.507,251,0
1000,664.411,293,0
1000,665.009,283,0
1000,675.588,329,0
1000,674.275,319,0
1000,686.341,313,0
1000,684.645,287,0
1000,657.393,313,0
1000,667.26,307,0
1000,665.818,297,0
1000,673.891,310,0
1000,666.44,315,0
1000,678.299,317,0
1000,678.032,300,0
1000,665.939,290,0
1000,662.212,307,0
1000,674.955,297,0
1000,674.753,298,0
1000,674.15,287,0
1000,669.312,343,0
1000,689.796,348,0
1000,679.007,332,0
1000,665.081,267,0
1000,676.522,301,0
1000,674.512,290,0
1000,661.238,308,0
1000,683.39,312,0
1000,661.327,271,0
1000,662.934,324,0
1000,681.408,346,0
1000,651.77,310,0
1000,668.232,305,0
1000,657.725,295,0
1000,663.056,320,0
1000,653.588,272,0
1000,675.957,321,0
1000,655.343,312,0
1000,680.699,327,0
1000,653.688,307,0
1000,664.227,280,0
1000,672.422,298,0
1000,679.027,290,0
1000,658.234,260,0
1000,665.268,302,0
1000,663.403,260,0
1000,648.465,295,0
1000,652.124,298,0
1000,670.391,301,0
1000,658.359,299,0
1000,668.43,326,0
1000,658.608,296,0
1000,673.747,320,0
1000,685.069,336,0
1000,658.743,319,0
1000,663.367,286,0
1000,654.969,235,0
1000,669.065,260,0
1000,664.578,315,0
1000,674.815,317,0
1000,661.868,274,0
1000,671.622,323,0
1000,667.635,318,0
1000,671.749,314,0
1000,667.797,269,0
1000,668.006,265,0
1000,684.135,303,0
1000,659.732,328,0
1000,661.536,302,0
1000,652.498,285,0
1000,682.669,327,0
1000,677.664,284,0
1000,665.532,296,0
1000,674.405,340,0
1000,667.301,324,0
1000,666.621,304,0
1000,673.446,311,0
1000,672.439,316,0
1000,668.363,313,0
1000,679.899,324,0
1000,668.787,309,0
1000,658.804,303,0
1000,660.558,303,0
1000,653.81,258,0
1000,651.248,244,0
1000,671.798,340,0
1000,651.403,300,0
1000,665.85,257,0
1000,679.937,303,0
1000,685.708,337,0
1000,676.073,305,0
1000,670.994,324,0
1000,675.254,292,0
1000,688.827,352,0
1000,695.593,330,0
1000,666.748,327,0
1000,662.575,302,0
1000,671.188,316,0
1000,649.331,253,0
1000,678.259,328,0
1000,659.976,284,0
1000,658.98,277,0
1000,668.34,329,0
1000,651.119,321,0
1000,672.154,350,0
1000,655.698,302,0
1000,661.858,325,0
1000,653.654,294,0
1000,655.704,290,0
1000,674.869,327,0
1000,684.744,351,0
1000,663.651,304,0
1000,666.007,310,0
1000,669.909,311,0
1000,671.492,286,0
1000,659.42,331,0
1000,656.413,306,0
1000,677.127,309,0
1000,675.201,302,0
1000,672.817,281,0
1000,675.107,272,0
1000,661.054,323,0
1000,666.004,315,0
1000,672.681,293,0
1000,669.387,285,0
1000,685.313,277,0
1000,664.721,318,0
1000,649.723,284,0
1000,660.218,286,0
1000,691.754,317,0
1000,655.654,276,0
1000,664.185,250,0
1000,682.276,273,0
1000,651.599,240,0
1000,661.658,308,0
1000,656.376,289,0
1000,657.991,249,0
1000,679.442,257,0
1000,659.284,235,0
1000,674.94,314,0
1000,672.678,316,0
1000,678.343,293,0
1000,669.954,293,0
1000,665.239,292,0
1000,665.242,293,0
1000,680.788,322,0
1000,651.744,308,0
1000,658.98,274,0
1000,676.935,345,0
1000,660.415,292,0
1000,660.248,304,0
1000,691.676,341,0
1000,678.065,354,0
1000,667.331,314,0
1000,660.374,317,0
1000,668.434,285,0
1000,678.504,322,0
1000,679.543,337,0
1000,683.182,341,0
1000,675.751,297,0
1000,671.618,293,0
1000,663.465,278,0
1000,668.541,267,0
1000,675.08,269,0
1000,653.844,260,0
1000,684.785,296,0
1000,653.316,306,0
1000,662.587,304,0
1000,660.58,314,0
1000,658.759,296,0
1000,674.86,302,0
1000,665.524,308,0
1000,660.897,277,0
1000,670.361,312,0
1000,665.178,287,0
1000,682.973,288,0
1000,672.969,275,0
1000,660.1,310,0
1000,663.745,277,0
1000,668.657,317,0
1000,658.935,302,0
1000,689.999,338,0
1000,688.181,331,0
1000,667.429,323,0
1000,670.98,282,0
1000,671.814,333,0
1000,662.319,292,0
1000,674.84,322,0
1000,677.121,343,0
1000,665.783,336,0
1000,655.718,283,0
1000,683.445,302,0
1000,674.489,297,0
1000,673.069,284,0
1000,674.991,331,0
1000,663.299,267,0
1000,672.957,335,0
1000,667.748,302,0
1000,659.669,307,0
1000,667.46,284,0
1000,668.105,288,0
1000,659.133,273,0
1000,652.528,294,0
1000,672.299,306,0
1000,680.732,332,0
1000,690.796,344,0
1000,668.554,316,0
1000,669.864,302,0
1000,656.22,264,0
1000,674.023,318,0
1000,667.951,299,0
1000,675.235,297,0
1000,673.587,278,0
1000,674.501,279,0
1000,668.185,309,0
1000,652.141,296,0
1000,676.669,323,0
1000,679.917,323,0
1000,665.797,331,0
1000,666.257,299,0
1000,651.05,309,0
1000,653.574,253,0
1000,651.721,271,0
1000,680.149,273,0
1000,673.977,335,0
1000,655.144,302,0
1000,661.579,311,0
1000,672.481,315,0
1000,654.074,300,0
1000,677.365,316,0
1000,666.144,303,0
1000,667.742,323,0
1000,669.562,322,0
1000,675.013,329,0
1000,674.935,301,0
1000,663.024,304,0
1000,655.809,282,0
1000,654.175,292,0
1000,664.482,310,0
1000,656.716,288,0
1000,651.522,300,0
1000,647.572,289,0
1000,656.456,310,0
1000,660.714,270,0
1000,672.512,314,0
1000,658.45,302,0
1000,661.407,309,0
1000,647.468,301,0
1000,661.286,319,0
1000,650.222,281,0
1000,671.551,265,0
1000,652.731,234,0
1000,671.284,289,0
1000,673.309,272,0
1000,674.323,321,0
1000,678.447,333,0
1000,668.292,306,0
1000,669.626,323,0
1000,665.652,304,0
1000,675.836,292,0
1000,659.924,302,0
1000,667.492,313,0
1000,660.426,299,0
1000,678.227,318,0
1000,683.673,333,0
1000,667.479,309,0
1000,669.288,290,0
1000,656.722,310,0
1000,652.962,289,0
1000,657.75,285,0
1000,679.556,344,0
1000,675.03,338,0
1000,655.697,298,0
1000,662.092,302,0
1000,673.533,315,0
1000,670.637,316,0
1000,658.293,288,0
1000,664.48,295,0
1000,673.187,288,0
1000,647.165,267,0
1000,663.053,303,0
1000,665.854,327,0
1000,662.669,313,0
1000,666.996,326,0
1000,685.677,361,0
1000,672.586,306,0
1000,659.757,282,0
1000,649.131,292,0
1000,670.761,300,0
1000,673.229,271,0
1000,667.97,304,0
1000,693.074,359,0
1000,652.75,301,0
1000,650.681,296,0
1000,667.723,316,0
1000,670.286,313,0
1000,679.608,303,0
1000,672.266,293,0
1000,656.411,309,0
1000,677.359,309,0
1000,660.362,321,0
1000,673.5,298,0
1000,660.167,304,0
1000,679.601,347,0
1000,681.537,311,0
1000,665.717,317,0
1000,650.265,282,0
1000,667.615,286,0
1000,675.873,273,0
1000,665.808,339,0
1000,668.159,325,0
1000,654.256,317,0
1000,669.032,313,0
1000,675.411,313,0
1000,663.165,310,0
1000,682.919,320,0
1000,654.798,278,0
1000,658.216,288,0
1000,674.733,349,0
1000,665.096,302,0
1000,656.495,307,0
1000,677.327,348,0
1000,679.959,339,0
1000,671.13,292,0
1000,674.599,293,0
1000,678.413,337,0
1000,678.569,343,0
1000,663.19,302,0
1000,656.172,318,0
1000,689.721,343,0
1000,657.737,292,0
1000,681.254,342,0
1000,673.74,311,0
1000,662.217,319,0
1000,653.199,308,0
1000,653.154,289,0
1000,660.581,308,0
1000,652.409,303,0
1000,655.57,301,0
1000,657.948,314,0
1000,661.543,296,0
1000,675.396,320,0
1000,668.471,329,0
1000,664.746,289,0
1000,670.054,315,0
1000,657.515,318,0
1000,669.528,306,0
1000,672.166,323,0
1000,638.652,260,0
1000,645.284,282,0
1000,647.604,262,0
1000,660.065,305,0
1000,661.848,310,0
1000,652.046,312,0
1000,646.96,304,0
1000,668.294,299,0
1000,660.92,296,0
1000,649.065,302,0
1000,650.786,287,0
1000,660.902,276,0
1000,675.725,294,0
1000,662.37,246,0
1000,674.536,269,0
1000,669.353,260,0
1000,666.473,240,0
1000,669.91,315,0
1000,682.865,326,0
1000,651.543,273,0
1000,673.528,337,0
1000,668.016,320,0
1000,661.3,329,0
1000,660.095,315,0
1000,653.229,281,0
1000,664.587,320,0
1000,670.144,295,0
1000,657.809,308,0
1000,664.182,314,0
1000,651.424,314,0
1000,671.09,305,0
1000,668.415,315,0
1000,652.542,258,0
1000,662.917,261,0
1000,667.435,331,0
1000,648.81,293,0
1000,659.527,281,0
1000,676.771,344,0
1000,677.305,347,0
1000,671.524,318,0
1000,671.001,297,0
1000,660.917,321,0
1000,671.338,332,0
1000,690.082,360,0
1000,659.055,298,0
1000,662.206,312,0
1000,668.602,297,0
1000,665.705,290,0
1000,667.039,321,0
1000,670.472,327,0
1000,692.393,334,0
1000,664.68,330,0
1000,664.824,316,0
1000,666.759,307,0
1000,690.787,307,0
1000,677.831,307,0
1000,671.121,299,0
1000,672.992,316,0
1000,642.725,272,0
1000,673.797,317,0
1000,661.614,297,0
1000,670.16,294,0
1000,676.924,317,0
1000,656.415,299,0
1000,669.403,311,0
1000,650.183,302,0
1000,660.434,292,0
1000,677.959,332,0
1000,679.632,337,0
1000,671.326,313,0
1000,659.021,299,0
1000,668.927,301,0
1000,668.236,299,0
1000,668.985,290,0
1000,651.8,280,0
1000,667.615,287,0
1000,671.062,283,0
1000,660.739,309,0
1000,661.623,324,0
1000,667.554,295,0
1000,671.786,315,0
1000,689.7,326,0
1000,665.337,321,0
1000,657.405,307,0
1000,682.794,328,0
1000,669.102,295,0
1000,658.715,268,0
1000,687.141,275,0
1000,660.326,313,0
1000,661.321,312,0
1000,657.17,310,0
1000,662.705,298,0
1000,661.716,312,0
1000,673.532,300,0
1000,688.871,338,0
1000,644.439,271,0
1000,649.847,263,0
1000,657.923,287,0
1000,658.307,311,0
1000,685.024,341,0
1000,690.664,307,0
1000,667.769,296,0
1000,664.589,260,0
1000,674.646,325,0
1000,672.078,317,0
1000,659.045,323,0
1000,651.656,298,0
1000,675.614,325,0
1000,667.237,325,0
1000,680.885,325,0
1000,659.251,301,0
1000,656.416,249,0
1000,665.368,266,0
1000,677.983,240,0
1000,672.284,319,0
1000,665.263,309,0
1000,658.644,257,0
1000,676.483,324,0
1000,667.902,299,0
1000,659.667,263,0
1000,677.175,280,0
1000,671.437,278,0
1000,684.578,256,0
1000,671.341,266,0
1000,673.591,317,0
1000,675.782,280,0
1000,665.724,250,0
1000,675.821,302,0
1000,669.797,272,0
1000,668.878,314,0
1000,680.908,314,0
1000,677.229,252,0
1000,672.03,322,0
1000,672.509,309,0
1000,677.082,304,0
1000,645.528,294,0
1000,669.819,318,0
1000,657.397,284,0
1000,666.374,309,0
1000,676.455,311,0
1000,675.506,300,0
1000,676.628,317,0
1000,660.183,301,0
1000,649.059,278,0
1000,678.508,339,0
1000,680.929,292,0
1000,674.173,305,0
1000,658.022,279,0
1000,663.354,290,0
1000,669.815,307,0
1000,674.22,269,0
1000,670.593,280,0
1000,651.167,292,0
1000,678.045,283,0
1000,666.245,322,0
1000,685.515,309,0
1000,660.327,293,0
1000,656.015,306,0
1000,670.875,275,0
1000,674.269,267,0
1000,662.781,257,0
1000,660.556,213,0
1000,663.087,248,0
1000,662.758,234,0
1000,663.679,311,0
1000,678.032,291,0
1000,668.94,310,0
1000,660.798,293,0
1000,669.45,282,0
1000,676.796,302,0
1000,678.53,322,0
1000,669.996,296,0
1000,678.282,311,0
1000,663.932,302,0
1000,668.761,299,0
1000,667.178,320,0
1000,656.538,301,0
1000,662.815,309,0
1000,669.336,311,0
1000,680.174,318,0
1000,675.512,283,0
1000,655.17,292,0
1000,669.55,305,0
1000,662.626,285,0
1000,651.302,272,0
1000,663.611,272,0
1000,669.197,273,0
1000,686.504,262,0
1000,668.743,307,0
1000,677.376,311,0
1000,662.24,272,0
1000,668.092,293,0
1000,655.734,264,0
1000,668.673,268,0
1000,678.174,267,0
1000,659.991,290,0
1000,662.13,298,0
1000,656.928,300,0
1000,669.486,322,0
1000,677.029,304,0
1000,654.842,281,0
1000,651.946,290,0
1000,677.415,312,0
1000,668.437,305,0
1000,665.339,293,0
1000,658.78,235,0
1000,673.837,315,0
1000,648.937,292,0
1000,661.282,264,0
1000,674.399,302,0
1000,669.221,300,0
1000,673.013,304,0
1000,644.878,272,0
1000,665.401,294,1
1000,650.319,272,1
1000,655.723,286,3
1000,667.619,311,4
1000,681.764,305,6
1000,677.844,280,7
1000,674.056,306,4
1000,670.883,292,3
1000,662.213,304,1
1000,660.946,304,0
1000,661.257,302,0
1000,647.27,297,0
1000,665.903,304,0
1000,670.325,314,0
1000,672.162,286,0
1000,663.624,306,0
1000,664.978,283,0
1000,654.54,288,0
1000,683.27,309,0
1000,677.871,310,0
1000,671.741,312,0
1000,672.583,306,0
1000,670.48,308,0
1000,659.871,300,0
1000,657.764,282,0
1000,651.002,302,1
1000,669.461,322,1
1000,674.874,308,1
1000,636.777,279,1
1000,650.431,246,1
1000,648.909,290,1
1000,674.634,309,1
1000,667.928,317,0
1000,671.715,270,0
1000,675.797,303,0
1000,674.17,273,0
1000,661.053,270,0
1000,653.945,283,0
1000,662.239,257,0
1000,679.086,318,0
1000,676.429,295,0
1000,679.565,299,0
1000,673.527,282,0
1000,686.727,283,0
1000,678.308,227,0
1000,661.098,191,0
1000,663.194,273,0
1000,673.611,315,0
1000,678.683,294,0
1000,664.152,248,0
1000,649.942,238,0
1000,650.71,234,0
1000,652.604,218,0
1000,663.805,305,0
1000,665.647,307,0
1000,674.346,305,0
1000,663.765,256,0
1000,678.337,302,0
1000,653.885,286,0
1000,675.946,289,0
1000,647.26,243,0
1000,669.21,282,0
1000,659.144,299,0
1000,681.686,327,0
1000,685.842,301,0
1000,673.081,296,0
1000,676.289,320,0
1000,671.113,274,0
1000,673.1,295,0
1000,662.521,276,0
1000,671.861,277,0
1000,674.851,255,0
1000,667.673,316,0
1000,674.465,304,0
1000,647.967,261,0
1000,670.357,308,0
1000,683.211,328,0
1000,673.991,325,1
1000,666.606,299,0
1000,657.517,264,0
1000,656.996,241,0
1000,662.558,306,0
1000,655.945,284,0
1000,660.269,293,0
1000,655.546,270,0
1000,678.034,288,0
1000,676.652,320,0
1000,675.855,312,0
1000,663.7,297,0
1000,663.675,303,0
1000,666.097,320,0
1000,668.38,299,0
1000,679.114,309,0
1000,679.372,323,0
1000,680.196,315,0
1000,664.614,294,0
1000,686.6,304,0
1000,679.558,331,0
1000,667.072,313,0
1000,670.475,301,0
1000,688.711,295,0
1000,671.007,307,0
1000,660.588,276,0
1000,643.144,270,0
1000,661.029,314,0
1000,677.143,331,0
1000,681.365,347,0
1000,678.944,289,0
1000,686.034,305,0
1000,680.499,326,0
1000,674.645,280,0
1000,668.9,268,0
1000,678.781,317,0
1000,670.292,304,0
1000,669.959,313,0
1000,669.196,297,0
1000,657.781,267,0
1000,673.448,339,0
1000,673.471,320,0
1000,661.164,299,0
1000,656.848,281,0
1000,664.482,294,0
1000,660.462,295,0
1000,658.781,298,0
1000,665.216,262,0
1000,654.584,301,0
1000,673.595,309,0
1000,671.255,290,0
1000,646.268,302,0
1000,668.81,305,0
1000,680.955,320,0
1000,665.105,296,0
1000,652.307,285,0
1000,638.031,246,0
1000,645.461,290,0
1000,644.394,281,0
1000,668.99,329,0
1000,680.786,326,0
1000,666.736,298,0
1000,659.774,311,0
1000,667.907,299,0
1000,663.574,283,0
1000,672.358,314,0
1000,664.636,306,0
1000,648.212,277,0
1000,657.332,296,0
1000,669.471,317,0
1000,670.834,333,0
1000,669.811,341,0
1000,673.019,300,0
1000,679.374,309,0
1000,672.909,302,0
1000,671.141,321,0
1000,649.916,272,0
1000,678.18,326,0
1000,670.453,301,0
1000,658.532,293,0
1000,662.5,323,0
1000,667.172,290,0
1000,671.927,333,0
1000,666.873,317,0
1000,665.334,306,0
1000,663.81,305,0
1000,656.221,268,0
1000,690.966,342,0
1000,663.37,292,0
1000,670.824,305,0
1000,662.971,293,0
1000,657.477,296,0
1000,660.091,308,0
1000,667.05,282,0
1000,655.787,217,0
1000,675.141,238,0
1000,670.833,216,0
1000,673.144,204,0
1000,674.694,194,0
1000,670.373,174,0
1000,680.611,159,0
1000,672.118,325,0
1000,660.425,292,0
1000,679.298,321,0
1000,664.442,300,0
1000,672.935,317,0
1000,661.537,296,0
1000,678.701,324,0
1000,651.224,294,0
1000,663.363,271,0
1000,673.187,296,0
1000,668.537,339,0
1000,676.401,310,0
1000,681.699,326,0
1000,662.56,293,0
1000,650.917,292,0
1000,676.466,323,0
1000,668.051,314,0
1000,668.479,316,0
1000,665.66,319,0
1000,662.775,300,0
1000,649.194,270,0
1000,675.422,333,0
1000,659.394,295,0
1000,679.82,323,0
1000,671.2,306,0
1000,656.282,255,0
1000,657.189,305,0
1000,653.882,310,0
1000,663.916,331,0
1000,645.42,267,0
1000,667.36,319,0
1000,671.36,317,0
1000,656.742,298,0
1000,643.483,285,0
1000,657.602,302,0
1000,665.518,306,0
1000,649.143,318,0
1000,653.948,302,0
1000,660.064,292,0
1000,665.376,313,0
1000,665.189,297,0
1000,669.241,321,0
1000,664.671,322,0
1000,665.615,286,0
1000,646.92,290,0
1000,655.041,276,0
1000,677.065,333,0
1000,672.474,322,0
1000,660.359,319,0
1000,660.723,296,0
1000,669.227,326,0
1000,667.194,304,0
1000,666.675,274,0
1000,664.962,258,0
1000,678.358,234,0
1000,653.469,299,0
1000,682.825,332,0
1000,644.889,293,0
1000,677.539,334,0
1000,669.713,316,0
1000,672.365,329,0
1000,662.055,287,0
1000,680.852,337,0
1000,649.178,295,0
1000,650.214,251,0
1000,668.149,308,0
1000,673.119,301,0
1000,664.432,327,0
1000,646.123,293,0
1000,667.051,294,0
1000,664.818,340,0
1000,646.531,266,0
1000,655.015,239,0
1000,663.438,245,0
1000,673.626,304,0
1000,662.14,284,0
1000,659.159,318,0
1000,654.612,316,0
1000,664.236,325,0
1000,671.364,293,0
1000,661.121,282,0
1000,676.51,303,0
1000,656.141,314,0
1000,671.016,324,0
1000,664.669,271,0
1000,666.73,282,0
1000,661.529,279,0
1000,677.18,292,0
1000,658.848,241,0
1000,648.146,226,0
1000,669.735,325,0
1000,663.212,316,0
1000,676.914,317,0
1000,672.666,341,0
1000,673.186,350,0
1000,642.393,254,0
1000,647.304,228,0
1000,672.846,347,0
1000,676.092,344,0
1000,666.32,306,0
1000,678.959,326,0
1000,666.425,302,0
1000,679.049,329,0
1000,667.303,291,0
1000,667.457,263,0
1000,649.611,214,0
1000,658.039,303,0
1000,661.558,302,0
1000,663.036,313,0
1000,665.751,319,0
1000,666.583,315,0
1000,650.929,311,0
1000,660.644,275,0
1000,662.285,253,0
1000,673.014,290,0
1000,669.324,287,0
1000,661.507,279,0
1000,664.397,307,0
1000,665.92,275,0
1000,669.679,287,0
1000,655.417,309,0
1000,662.141,313,0
1000,669.932,315,0
1000,652.886,283,0
1000,658.821,255,0
1000,665.429,305,0
1000,673.263,320,0
1000,665.697,296,0
1000,654.018,294,0
1000,665.426,318,0
1000,661.856,279,0
1000,672.976,318,0
1000,668.696,319,0
1000,668.731,309,0
1000,680.614,348,0
1000,676.412,316,0
1000,664.734,322,0
1000,657.279,321,0
1000,677.084,322,0
1000,667.527,295,0
1000,678.731,332,0
1000,671.319,313,0
1000,663.069,309,0
1000,680.196,343,0
1000,677.761,312,0
1000,662.105,333,0
1000,667.662,342,0
1000,665.864,317,0
1000,663.877,298,0
1000,669.542,299,0
1000,658.401,308,0
1000,676.316,287,0
1000,679.643,340,0
1000,649.278,307,0
1000,660.149,320,0
1000,664.173,291,0
1000,669.868,291,0
1000,666.953,276,0
1000,687.189,337,0
1000,660.149,298,0
1000,668.506,308,0
1000,672.799,324,0
1000,675.017,333,0
1000,660.605,283,0
1000,657.095,309,0
1000,679.69,313,0
1000,674.765,300,0
1000,646.941,251,0
1000,658.976,239,0
1000,656.481,257,0
1000,671.601,337,0
1000,663.781,304,0
1000,670.112,323,0
1000,665.76,321,0
1000,663.536,313,0
1000,673.064,320,0
1000,670.8,317,0
1000,678.203,306,0
1000,689.847,341,0
1000,669.241,338,0
1000,661.882,319,0
1000,666.381,313,0
1000,649.758,301,0
1000,629.507,265,0
1000,674.027,288,0
1000,661.716,318,0
1000,668.947,314,0
1000,668.155,282,0
1000,660.686,314,0
1000,656.001,308,0
1000,658.11,316,0
1000,673.165,327,0
1000,661.782,316,0
1000,660.012,280,0
1000,650.117,302,0
1000,648.116,284,0
1000,674.222,313,0
1000,668.53,267,0
1000,663.089,279,0
1000,664.768,261,0
1000,662.099,278,0
1000,670.791,327,0
1000,661.962,308,0
1000,650.765,312,0
1000,667.296,287,0
1000,681.33,342,0
1000,664.48,297,0
1000,656.326,310,0
1000,674.334,317,0
1000,677.359,335,0
1000,671.657,292,0
1000,675.341,322,0
1000,675.542,324,0
1000,665.052,286,0
1000,661.969,253,0
1000,650.895,260,0
1000,657.746,266,0
1000,661.933,311,0
1000,666.178,345,0
1000,658.437,304,0
1000,661.595,318,0
1000,653.854,300,0
1000,656.168,313,0
1000,670.846,330,0
1000,663.576,309,0
1000,659.437,291,0
1000,658.498,294,0
1000,672.05,333,0
1000,662.157,305,0
1000,661.821,273,0
1000,643.886,290,0
1000,661.143,310,0
1000,667.93,281,0
1000,670.265,299,0
1000,657.078,259,0
1000,670.096,271,0
1000,661.779,282,0
1000,673.053,341,0
1000,660.577,266,0
1000,679.968,325,0
1000,671.532,292,0
1000,658.66,282,0
1000,674.942,299,0
1000,674.977,332,0
1000,665.257,320,0
1000,656.286,297,0
1000,658.61,263,0
1000,670.226,312,0
1000,670.668,327,0
1000,675.521,317,0
1000,675.443,314,0
1000,660.431,321,0
1000,651.002,316,0
1000,672.904,315,0
1000,669.956,319,0
1000,662.4,310,0
1000,655.017,282,0
1000,673.336,304,0
1000,656.87,296,0
1000,667.257,268,0
1000,666.311,307,0
1000,668.333,308,0
1000,671.739,306,0
1000,671.868,290,0
1000,682.735,280,0
1000,679.372,327,0
1000,689.607,315,0
1000,677.552,315,0
1000,676.773,304,0
1000,669.797,324,0
1000,681.472,350,0
1000,664.722,311,0
1000,667.312,272,0
1000,669.887,234,0
1000,691.716,354,0
1000,691.265,362,0
1000,680.031,295,0
1000,674.456,334,0
1000,683.401,314,0
1000,665.267,305,0
1000,677.512,297,0
1000,680.678,298,0
1000,669.728,279,0
1000,660.765,328,0
1000,652.417,275,0
1000,669.883,252,0
1000,696.553,327,0
1000,680.268,296,0
1000,675.081,326,0
1000,688.29,332,0
1000,685.894,324,0
1000,692.738,316,0
1000,665.721,308,0
1000,695.281,342,0
1000,679.878,331,0
1000,686.905,298,0
1000,679.373,333,0
1000,696.741,350,0
1000,684.453,323,0
1000,664.22,262,0
1000,652.999,269,0
1000,674.363,330,0
1000,668.279,319,0
1000,686.201,336,0
1000,678.076,315,0
1000,662.373,266,0
1000,679.212,332,0
1000,672.533,336,0
1000,674.488,308,0
1000,662.762,313,0
1000,659.215,302,0
1000,672.567,325,0
1000,681.47,335,0
1000,674.184,329,0
1000,665.616,324,0
1000,683.558,344,0
1000,686.494,346,0
1000,676.967,328,0
1000,679.509,325,0
1000,683.33,356,0
1000,670.201,326,0
1000,665.004,287,0
1000,682.032,325,0
1000,688.989,320,0
1000,686.517,323,0
1000,691.841,315,0
1000,661.761,257,0
1000,679.896,257,0
1000,680.342,342,0
1000,666.63,306,0
1000,672.687,298,0
1000,673.89,311,0
1000,670.586,291,0
1000,672.602,288,0
1000,673.111,298,0
1000,666.614,291,0
1000,678.818,276,0
1000,681.105,265,0
1000,677.237,321,0
1000,681.759,330,0
1000,692.861,345,0
1000,677.968,313,0
1000,676.646,314,0
1000,670.509,336,0
1000,664.029,291,0
1000,678.097,255,0
1000,671.126,234,0
1000,676.511,304,0
1000,663.787,293,0
1000,667.537,274,0
1000,676.19,318,0
1000,669.593,315,0
1000,681.263,325,0
1000,669.631,305,0
1000,673.298,315,0
1000,674.992,313,0
1000,681.793,338,0
1000,665.633,319,0
1000,695.527,321,0
1000,682.248,326,0
1000,700.237,354,0
1000,659.871,281,0
1000,672.649,300,0
1000,668.705,287,0
1000,650.174,263,0
1000,667.525,323,0
1000,678.551,268,0
1000,667.363,286,0
1000,671.296,260,0
1000,660.291,314,0
1000,667.853,320,0
1000,687.31,291,0
1000,664.311,268,0
1000,667.565,297,0
1000,659.116,265,0
1000,664.884,325,0
1000,680.691,289,0
1000,669.907,308,0
1000,661.088,323,0
1000,679.557,322,0
1000,653.305,285,0
1000,678.012,325,0
1000,675.071,282,0
1000,667.013,255,0
1000,658.929,237,0
1000,664.871,319,0
1000,678.485,323,0
1000,676.782,331,0
1000,683.053,339,0
1000,666.362,310,0
1000,694.281,317,0
1000,676.68,328,0
1000,676.729,324,0
1000,683.905,324,0
1000,681.121,344,0
1000,658.443,299,0
1000,681.662,339,0
1000,672.073,312,0
1000,667.407,336,0
1000,687.664,317,0
1000,660.317,302,0
1000,670.547,309,0
1000,670.908,293,0
1000,658.329,299,0
1000,675.793,308,0
1000,674.928,297,0
1000,702.558,340,0
1000,671.009,275,0
1000,670.372,259,0
1000,675.37,326,0
1000,674.607,290,0
1000,674.155,329,0
1000,669.077,283,0
1000,643.418,288,0
1000,678.072,326,0
1000,691.21,347,0
1000,679.674,336,0
1000,669.982,314,0
1000,663.918,289,0
1000,681.843,338,0
1000,673.583,293,0
1000,667.706,296,0
1000,676.88,312,0
1000,669.28,272,0
1000,682.784,246,0
1000,662.794,279,0
1000,675.046,348,0
1000,688.422,346,0
1000,684.171,291,0
1000,665.469,325,0
1000,686.164,351,0
1000,688.486,333,0
1000,673.898,307,0
1000,678.663,336,0
1000,676.62,299,0
1000,672.171,311,0
1000,655.915,277,0
1000,683.344,283,0
1000,671.435,264,0
1000,674.733,240,0
1000,683.859,336,0
1000,667.657,284,0
1000,679.613,318,0
1000,684.932,307,0
1000,695.438,292,0
1000,650.671,303,0
1000,669.37,310,0
1000,670.421,312,0
1000,674.045,337,0
1000,654.677,294,0
1000,679.476,294,0
1000,683.112,333,0
1000,654.095,302,0
1000,651.574,249,0
1000,681.589,336,0
1000,671.737,324,0
1000,675.727,311,0
1000,666.397,288,0
1000,678.572,338,0
1000,670.781,303,0
1000,665.015,308,0
1000,678.799,316,0
1000,666.222,333,0
1000,701.676,350,0
1000,682.033,289,0
1000,681.428,331,0
1000,686.963,286,0
1000,676.958,311,0
1000,691.302,354,0
1000,670.534,293,0
1000,680.655,329,0
1000,687.186,335,0
1000,697.174,314,0
1000,666.017,328,0
1000,672.527,323,0
1000,691.194,342,0
1000,675.275,314,0
1000,673.529,306,0
1000,684.974,358,0
1000,685.008,326,0
1000,693.556,364,0
1000,661.434,281,0
1000,681.805,310,0
1000,676.096,300,0
1000,681.637,329,0
1000,663.522,283,0
1000,675.302,271,0
1000,677.834,325,0
1000,671.018,328,0
1000,667.463,325,0
1000,684.065,321,0
1000,697.833,344,0
1000,661.777,305,0
1000,685.763,329,0
1000,675.798,323,0
1000,671.902,292,0
1000,666.679,323,0
1000,674.594,327,0
1000,667.464,303,0
1000,674.561,312,0
1000,677.097,265,0
1000,683.653,342,0
1000,666.295,310,0
1000,676.587,329,0
1000,666.003,308,0
1000,675.982,296,0
1000,681.868,314,0
1000,683.934,315,0
1000,678.781,272,0
1000,670.601,309,0
1000,665.656,294,0
1000,688.674,324,0
1000,671.062,275,0
1000,652.575,289,0
1000,692.578,331,0
1000,658.944,302,0
1000,676.008,290,0
1000,674.678,313,0
1000,673.118,297,0
1000,678.474,333,0
1000,683.975,331,0
1000,683.79,300,0
1000,669.223,265,0
1000,661.521,276,0
1000,672.217,263,0
1000,684.769,310,0
1000,668.206,316,0
1000,662.044,286,0
1000,675.871,303,0
1000,660.483,231,0
1000,671.497,249,0
1000,664.401,319,0
1000,674.303,333,0
1000,659.247,322,0
1000,682.674,346,0
1000,660.356,266,0
1000,682.826,331,0
1000,661.468,310,0
1000,689.902,323,0
1000,687.822,349,0
1000,665.021,307,0
1000,688.805,344,0
1000,676.146,298,0
1000,681.603,268,0
1000,668.332,325,0
1000,672.593,276,0
1000,671.004,256,0
1000,663.123,279,0
1000,688.708,338,0
1000,663.762,305,0
1000,657.912,297,0
1000,688.838,324,0
1000,688.054,286,0
1000,673.432,282,0
1000,684.838,286,0
1000,675.296,285,0
1000,672.951,320,0
1000,682.633,336,0
1000,682.979,341,0
1000,664.483,304,0
1000,664.418,267,0
1000,679.462,321,0
1000,692.639,347,0
1000,663.244,302,0
1000,660.112,313,0
1000,677.586,302,0
1000,686.794,320,0
1000,688.17,345,0
1000,667.804,309,0
1000,682,315,0
1000,665.749,298,0
1000,668.5,299,0
1000,673.357,311,0
1000,695.171,353,0
1000,676.274,313,0
1000,680.711,293,0
1000,670.85,294,0
1000,673.812,361,0
1000,699.821,334,0
1000,678.043,326,0
1000,681.496,316,0
1000,669.281,285,0
1000,670.457,285,0
1000,668.595,279,0
1000,675.615,324,0
1000,674.788,319,0
1000,705.039,365,0
1000,674.021,298,0
1000,677.196,301,0
1000,679.587,334,0
1000,680.522,299,0
1000,674.371,324,0
1000,657.642,266,0
1000,665.459,340,0
1000,677.31,323,0
1000,674.608,313,0
1000,683.397,331,0
1000,694.07,352,0
1000,675.282,307,0
1000,660.802,312,0
1000,684.952,321,0
1000,661.158,315,0
1000,672.755,304,0
1000,686.616,338,0
1000,651.798,286,0
1000,684.34,315,0
1000,679.293,280,0
1000,685.397,348,0
1000,676.98,319,0
1000,675.28,321,0
1000,655.07,298,0
1000,661.996,316,0
1000,671.946,308,0
1000,670.451,319,0
1000,667.898,300,0
1000,681.426,336,0
1000,671.634,331,0
1000,659.012,291,0
1000,685.849,332,0
1000,685.292,325,0
1000,667.099,304,0
1000,680.552,293,0
1000,687.92,339,0
1000,673.803,346,0
1000,677.383,332,0
1000,695.326,361,0
1000,670.807,337,0
1000,665.591,319,0
1000,669.206,301,0
1000,677.315,306,0
1000,674.493,329,0
1000,686.882,301,0
1000,661.065,318,0
1000,691.934,329,0
1000,667.59,312,0
1000,684.723,343,0
1000,655.535,289,0
1000,679.37,330,0
1000,680.086,337,0
1000,656.614,321,0
1000,671.607,333,0
1000,661.903,304,0
1000,652.06,298,0
1000,666.089,286,0
1000,667.597,248,0
1000,655.343,243,0
1000,665.131,300,0
1000,660.309,334,0
1000,663.856,320,0
1000,668.92,293,0
1000,666.522,318,0
1000,657.411,302,0
1000,685.609,334,0
1000,678.621,323,0
1000,654.268,303,0
1000,650.411,281,0
1000,683.736,289,0
1000,671.393,266,0
1000,686.583,329,0
1000,680.417,323,0
1000,659.237,309,0
1000,674.521,302,0
1000,685.464,308,0
1000,666.274,333,0
1000,662.39,272,0
1000,661.15,323,0
1000,671.528,317,0
1000,668.087,333,0
1000,672.151,319,0
1000,661.403,305,0
1000,646.452,285,0
1000,658.864,306,0
1000,669.563,324,0
1000,667.299,321,0
1000,678.264,316,0
1000,672.825,316,0
1000,664.092,264,0
1000,661.309,292,0
1000,658.195,299,0
1000,667.958,329,0
1000,666.409,289,0
1000,659.979,319,0
1000,681.114,326,0
1000,674.277,333,0
1000,670.188,315,0
1000,651.744,324,0
1000,659.393,304,0
1000,672.718,308,0
1000,669.081,294,0
1000,654.116,296,0
1000,657.141,312,0
1000,680.823,341,0
1000,658.911,304,0
1000,656.663,297,0
1000,659.943,321,0
1000,666.258,302,0
1000,664.977,286,0
1000,669.882,328,0
1000,673.629,328,0
1000,663.263,322,0
1000,675.14,290,0
1000,661.425,321,0
1000,658.78,319,0
1000,669.171,335,0
1000,665.963,318,0
1000,661.302,329,0
1000,671.172,286,0
1000,680.029,333,0
1000,673.046,323,0
1000,677.574,307,0
1000,678.485,316,0
1000,664.976,304,0
1000,671.105,290,0
1000,664.403,326,0
1000,655.452,275,0
1000,672.219,304,0
1000,656.671,279,0
1000,655.622,257,0
1000,660.779,250,0
1000,668.446,318,0
1000,643.265,265,0
1000,660.097,294,0
1000,693.008,354,0
1000,672.358,318,0
1000,691.797,331,0
1000,661.59,317,0
1000,676.809,296,0
1000,652.78,301,0
1000,664.117,294,0
1000,666.801,292,0
1000,668.071,314,0
1000,666.377,295,0
1000,665.185,309,0
1000,681.035,329,0
1000,666.751,324,0
1000,674.735,310,0
1000,640.861,260,0
1000,670.735,297,0
1000,669.587,347,0
1000,672.388,326,0
1000,671.533,301,0
1000,686.466,324,0
1000,652.465,299,0
1000,681.942,358,0
1000,661.522,300,0
1000,658.483,278,0
1000,690.594,339,0
1000,668.573,326,0
1000,658.941,296,0
1000,671.037,304,0
1000,665.407,305,0
1000,655.418,294,0
1000,667.398,260,0
1000,661.273,300,0
1000,670.704,324,0
1000,685.868,354,0
1000,673.406,322,0
1000,674.212,317,0
1000,653.279,275,0
1000,669.438,273,0
1000,677.97,287,0
1000,655.767,301,0
1000,659.392,293,0
1000,662.933,289,0
1000,652.899,314,0
1000,666.55,344,0
1000,684.605,337,0
1000,656.143,312,0
1000,621.646,251,0
1000,667.388,331,0
1000,660.617,331,0
1000,658.166,274,0
1000,674.441,321,0
1000,662.859,327,0
1000,663.521,296,0
1000,657.855,258,0
1000,684.019,344,0
1000,671.103,327,0
1000,666.742,310,0
1000,659.869,293,0
1000,674.723,341,0
1000,678.644,320,0
1000,671.628,297,0
1000,645.251,244,0
1000,666.436,293,0
1000,683.049,334,0
1000,660.694,321,0
1000,663.078,328,0
1000,676.315,341,0
1000,648.613,294,0
1000,663.972,315,0
1000,674.126,329,0
1000,664.295,311,0
1000,665.54,323,0
1000,655.452,290,0
1000,659.736,261,0
1000,676.469,282,0
1000,660.291,269,0
1000,648.914,287,0
1000,668.612,330,0
1000,670,322,0
1000,661.187,295,0
1000,662.802,285,0
1000,682.149,336,0
1000,688.855,330,0
1000,664.401,262,0
1000,676.699,324,0
1000,641.632,298,0
1000,688.053,365,0
1000,648.064,288,0
1000,666.209,274,0
1000,667.336,315,0
1000,667.209,335,0
1000,679.063,356,0
1000,664.124,311,0
1000,671.278,335,0
1000,659.861,294,0
1000,675.77,308,0
1000,651.758,312,0
1000,671.123,332,0
1000,679.012,336,0
1000,650.278,310,0
1000,659.791,308,0
1000,651.798,300,0
1000,644.326,309,0
1000,669.121,334,0
1000,649.534,327,0
1000,664.882,321,0
1000,644.633,288,0
1000,668.162,314,0
1000,659.058,267,0
1000,666.035,257,0
1000,668.904,265,0
1000,649.314,311,0
1000,674.59,336,0
1000,663.038,316,0
1000,657.078,297,0
1000,660.286,312,0
1000,661.992,315,0
1000,665.437,337,0
1000,668.121,327,0
1000,662.468,329,0
1000,652.336,318,0
1000,671.199,343,0
1000,667.138,308,0
1000,668.392,321,0
1000,668.597,326,0
1000,684.839,360,0
1000,669.202,322,0
1000,666.051,335,0
1000,670.032,307,0
1000,683.687,361,0
1000,674.512,331,0
1000,645.67,256,0
1000,659.823,298,0
1000,665.453,315,0
1000,666.661,321,0
1000,657.862,311,0
1000,670.069,322,0
1000,665.952,314,0
1000,684.424,316,0
1000,669.68,323,0
1000,686.495,353,0
1000,673.445,272,0
1000,672.838,336,0
1000,679.2,315,0
1000,670.303,323,0
1000,682.638,334,0
1000,671.195,297,0
1000,658.129,323,0
1000,659.118,302,0
1000,676.308,330,0
1000,664.213,311,0
1000,661.854,312,0
1000,675.144,287,0
1000,669.577,330,0
1000,656.63,301,0
1000,695.768,368,0
1000,690.728,369,0
1000,667.326,325,0
1000,675.057,326,0
1000,660.667,341,0
1000,680.516,350,0
1000,676.938,318,0
1000,679.875,320,0
1000,681.046,335,0
1000,677.458,282,0
1000,665.616,317,0
1000,688.644,358,0
1000,678.852,327,0
1000,680.997,317,0
1000,664.008,315,0
1000,686.376,282,0
1000,674.179,333,0
1000,669.675,323,0
1000,678.716,323,0
1000,674.492,334,0
1000,646.71,288,0
1000,665.024,333,0
1000,675.319,327,0
1000,667.52,319,0
1000,667.508,281,0
1000,658.353,249,0
1000,686.103,367,0
1000,690.927,352,0
1000,667.047,304,0
1000,666.414,294,0
1000,673.636,328,0
1000,674.749,326,0
1000,674.009,302,0
1000,677.122,291,0
1000,673.754,319,0
1000,686.231,332,0
1000,658.523,320,0
1000,680.902,333,0
1000,692.479,311,0
1000,676.468,333,0
1000,684.992,283,0
1000,680.19,301,0
1000,705.674,373,0
1000,687.194,350,0
1000,700.37,357,0
1000,675.551,328,0
1000,668.615,326,0
1000,684.75,310,0
1000,674.989,307,0
1000,676.116,336,0
1000,670.69,325,0
1000,684.795,338,0
1000,700.497,341,0
1000,677.306,335,0
1000,684.12,353,0
1000,678.404,348,0
1000,671.261,310,0
1000,677.262,332,0
1000,662.386,330,0
1000,688.018,323,0
1000,669.327,330,0
1000,654.387,295,0
1000,670.925,316,0
1000,679.523,340,0
1000,690.634,319,0
1000,684.617,349,0
1000,666.372,331,0
1000,667.077,300,0
1000,668.806,318,0
1000,685.856,349,0
1000,681.677,319,0
1000,661.905,261,0
1000,680.369,249,0
1000,681.983,340,0
1000,668.179,328,0
1000,673.697,320,0
1000,670.179,324,0
1000,668.967,329,0
1000,681.852,330,0
1000,671.03,306,0
1000,673.062,335,0
1000,683.973,336,0
1000,691.124,356,0
1000,663.396,309,0
1000,687.095,334,0
1000,703.875,367,0
1000,676.389,328,0
1000,680.111,319,0
1000,670.946,329,0
1000,671.172,308,0
1000,694.218,348,0
1000,687.54,348,0
1000,693.313,340,0
1000,677.965,351,0
1000,678.29,349,0
1000,668.395,313,0
1000,693.268,291,0
1000,672.234,235,0
1000,691.739,339,0
1000,688.814,360,0
1000,684.869,340,0
1000,682.028,327,0
1000,675.958,335,0
1000,669.586,324,0
1000,678.501,341,0
1000,698.567,315,0
1000,675.995,346,0
1000,675.714,321,0
1000,696.705,351,0
1000,682.346,318,0
1000,672.455,332,0
1000,673.328,333,0
1000,694.194,365,0
1000,676.975,278,0
1000,684.48,313,0
1000,687.721,310,0
1000,685.297,289,0
1000,665.333,303,0
1000,685.264,308,0
1000,680.156,331,0
1000,683.072,277,0
1000,681.574,310,0
1000,673.611,312,0
1000,673.318,331,0
1000,668.524,325,0
1000,665.578,305,0
1000,668.694,330,0
1000,688.832,346,0
1000,683.927,345,0
1000,677.937,336,0
1000,680.603,319,0
1000,690.428,333,0
1000,675.468,332,0
1000,684.567,313,0
1000,684.23,283,0
1000,695.698,314,0
1000,688.639,328,0
1000,689.431,348,0
1000,711.907,330,0
1000,694.039,349,0
1000,698.66,351,0
1000,687.335,329,0
1000,662.772,332,0
1000,687.76,330,0
1000,690.714,336,0
1000,698.374,332,0
1000,678.832,332,0
1000,672.827,293,0
1000,675.408,309,0
1000,692.028,337,0
1000,678.895,320,0
1000,688.715,342,0
1000,685.108,299,0
1000,675.037,273,0
1000,689.258,334,0
1000,666.853,322,0
1000,681.893,335,0
1000,681.321,297,0
1000,665.732,264,0
1000,681.271,310,0
1000,668.617,310,0
1000,685.439,349,0
1000,700.218,335,0
1000,674.438,341,0
1000,670.444,315,0
1000,667.299,295,0
1000,678.174,335,0
1000,686.742,340,0
1000,671.323,323,0
1000,685.768,341,0
1000,678.35,331,0
1000,670.315,322,0
1000,678.066,324,0
1000,675.211,326,0
1000,683.807,330,0
1000,695.674,344,0
1000,665.531,289,0
1000,694.702,339,0
1000,670.675,316,0
1000,664.177,322,0
1000,678.307,318,0
1000,688.315,338,0
1000,677.261,309,0
1000,672.035,278,0
1000,676.495,327,0
1000,663.881,313,0
1000,669.117,282,0
1000,664.159,250,0
1000,665.491,239,0
1000,685.587,346,0
1000,673.727,345,0
1000,685.518,335,0
1000,677.24,323,0
1000,665.794,316,0
1000,673.071,319,0
1000,697.668,335,0
1000,687.967,352,0
1000,663.609,324,0
1000,665.994,300,0
1000,719.254,359,0
1000,672.73,260,0
1000,688.92,364,0
1000,691.325,343,0
1000,658.668,309,0
1000,669.725,335,0
1000,687.099,347,0
1000,678.416,329,0
1000,680.959,327,0
1000,683.218,330,0
1000,680.496,339,0
1000,696.091,356,0
1000,682.397,341,0
1000,685.161,338,0
1000,675.034,293,0
1000,681.312,336,0
1000,664.259,307,0
1000,669.452,283,0
1000,677.903,315,0
1000,692.076,311,0
1000,682.385,269,0
1000,700.413,362,0
1000,696.15,340,0
1000,685.633,336,0
1000,691.265,351,0
1000,683.588,328,0
1000,690.485,340,0
1000,705.469,357,0
1000,672.754,322,0
1000,679.301,333,0
1000,681.06,307,0
1000,676.297,337,0
1000,678.378,304,0
1000,667.803,297,0
1000,683.467,334,0
1000,681.071,295,0
1000,692.03,337,0
1000,680.202,322,0
1000,672.016,290,0
1000,694.221,290,0
1000,676.61,299,0
1000,662.286,298,0
1000,698.653,348,0
1000,686.54,308,0
1000,689.977,339,0
1000,673.642,304,0
1000,671.977,290,0
1000,668.859,318,0
1000,678.152,340,0
1000,684.175,324,0
1000,686.458,345,0
1000,682.79,338,0
1000,679.04,325,0
1000,691.465,350,0
1000,675.83,324,0
1000,684.417,316,0
1000,678.185,323,0
1000,686.49,292,0
1000,697.394,354,0
1000,691.081,323,0
1000,686.929,308,0
1000,668.732,237,0
1000,681.627,327,0
1000,678.947,312,0
1000,695.293,372,0
1000,664.182,329,0
1000,696.818,339,0
1000,687.329,315,0
1000,685.858,343,0
1000,663.547,317,0
1000,677.933,323,0
1000,677.741,326,0
1000,674.93,314,0
1000,674.866,319,0
1000,678.349,276,0
1000,691.838,354,0
1000,672.158,338,0
1000,670.292,319,0
1000,670.028,307,0
1000,674.849,316,0
1000,695.211,354,0
1000,683.903,314,0
1000,693.38,290,0
1000,680.458,291,0
1000,678.212,269,0
1000,690.919,256,0
1000,683.794,332,0
1000,673.54,335,0
1000,681.245,297,0
1000,691.863,329,0
1000,692.5,312,0
1000,681.944,322,0
1000,677.767,292,0
1000,686.51,311,0
1000,685.277,325,0
1000,683.321,345,0
1000,689.483,326,0
1000,659.619,284,0
1000,688.522,279,0
1000,675.817,333,0
1000,688.406,336,0
1000,671.691,301,0
1000,687.722,343,0
1000,676.99,313,0
1000,698.321,331,0
1000,668.967,318,0
1000,684.138,328,0
1000,689.169,318,0
1000,678.051,276,0
1000,699.816,362,0
1000,662.391,316,0
1000,694.085,346,0
1000,686.444,305,0
1000,685.543,296,0
1000,685.444,346,0
1000,671.278,323,0
1000,688.942,328,0
1000,683.204,325,0
1000,684.62,310,0
1000,677.556,294,0
1000,687.42,336,0
1000,695.07,355,0
1000,695.127,348,0
1000,686.359,333,0
1000,667.788,264,0
1000,678.301,294,0
1000,684.895,323,0
1000,683.509,320,0
1000,677.782,321,0
1000,671.814,281,0
1000,660.874,242,0
1000,682.472,324,0
1000,679.896,301,0
1000,691.834,347,0
1000,683.092,328,0
1000,681.162,319,0
1000,692.551,337,0
1000,699.061,322,0
1000,668.694,249,0
1000,685.28,326,0
1000,661.814,299,0
1000,682.755,323,0
1000,705.845,372,0
1000,687.83,323,0
1000,683.731,329,0
1000,677.184,301,0
1000,673.07,294,0
1000,674.194,282,0
1000,667.813,283,0
1000,691.89,347,0
1000,699.194,337,0
1000,694.252,315,0
1000,661.96,275,0
1000,679.765,302,0
1000,687.596,330,0
1000,689.235,328,0
1000,696.959,304,0
1000,672.713,291,0
1000,670.335,264,0
1000,682.945,342,0
1000,688.221,337,0
1000,684.836,314,0
1000,673.641,303,0
1000,696.185,357,0
1000,686.973,338,0
1000,671.246,324,0
1000,679.653,318,0
1000,680.514,318,0
1000,701.334,351,0
1000,679.512,336,0
1000,697.887,351,0
1000,682.1,336,0
1000,684.877,338,0
1000,676.039,337,0
1000,685.258,335,0
1000,673.349,337,0
1000,683.53,311,0
1000,675.159,272,0
1000,676.173,324,0
1000,668.154,320,0
1000,684.582,318,0
1000,687.807,304,0
1000,680.165,276,0
1000,688.799,287,0
1000,666.714,320,0
1000,658.894,301,0
1000,686.362,340,0
1000,677.589,305,0
1000,668.088,310,0
1000,687.134,344,0
1000,682.527,301,0
1000,696.435,355,0
1000,671.266,301,0
1000,690.867,330,0
1000,695.772,346,0
1000,674.831,294,0
1000,666.311,296,0
1000,691.087,335,0
1000,685.111,316,0
1000,676.704,323,0
1000,679.598,336,0
1000,697.482,333,0
1000,675.661,298,0
1000,697.899,332,0
1000,688.009,293,0
1000,688.595,241,0
1000,683.439,295,0
1000,698.585,321,0
1000,658.389,260,0
1000,701.85,368,0
1000,695.58,338,0
1000,690.83,341,0
1000,696.373,337,0
1000,687.424,325,0
1000,685.206,336,0
1000,666.713,325,0
1000,685.251,321,0
1000,689.755,343,0
1000,684.604,332,0
1000,671.05,333,0
1000,681.591,329,0
1000,693.307,325,0
1000,682.947,296,0
1000,691.431,258,0
1000,686.368,252,0
1000,689.189,337,0
1000,679.909,323,0
1000,659.416,303,0
1000,680.138,315,0
1000,654.746,312,0
1000,677.975,313,0
1000,679.426,335,0
1000,668.901,291,0
1000,680.007,322,0
1000,659.878,275,0
1000,678.186,337,0
1000,695.583,354,0
1000,680.389,329,0
1000,670.974,316,0
1000,679.163,306,0
1000,692.655,342,0
1000,692.156,326,0
1000,672.503,259,0
1000,682.268,337,0
1000,668.609,302,0
1000,662.683,314,0
1000,677.552,297,0
1000,685.543,295,0
1000,683.798,303,0
1000,677.858,291,0
1000,705.413,302,0
1000,691.696,336,0
1000,689.47,349,0
1000,690.092,335,0
1000,682.4,284,0
1000,700.399,347,0
1000,694.048,326,0
1000,670.133,305,0
1000,686.818,349,0
1000,682.672,322,0
1000,678.419,318,0
1000,683.963,343,0
1000,704.266,351,0
1000,683.843,327,0
1000,675.643,319,0
1000,690.241,287,0
1000,680.161,324,0
1000,687.13,307,0
1000,698.403,336,0
1000,673.819,316,0
1000,683.548,282,0
1000,673.399,244,0
1000,675.35,332,0
1000,674.384,326,0
1000,686.683,330,0
1000,677.313,328,0
1000,668.187,290,0
1000,670.653,346,0
1000,665.699,316,0
1000,670.498,313,0
1000,703.738,358,0
1000,685.085,294,0
1000,660.796,298,0
1000,674.85,309,0
1000,693.529,303,0
1000,681.681,335,0
1000,681.442,336,0
1000,688.897,326,0
1000,685.801,313,0
1000,693.06,339,0
1000,658.504,315,0
1000,682.653,340,0
1000,688.913,338,0
1000,674.595,286,0
1000,676.617,252,0
1000,686.594,273,0
1000,705.754,276,0
1000,685.815,240,0
1000,685.727,326,0
1000,682.883,334,0
1000,694.995,348,0
1000,691.009,327,0
1000,688.069,352,0
1000,701.187,317,0
1000,686.027,321,0
1000,681.969,308,0
1000,672.278,270,0
1000,695.841,283,0
1000,688.485,239,0
1000,657.723,296,0
1000,680.371,321,0
1000,688.397,342,0
1000,680.281,317,0
1000,679.363,318,0
1000,682.706,324,0
1000,671.322,320,0
1000,672.05,296,0
1000,684.572,303,0
1000,658.581,270,0
1000,668.902,319,0
1000,664.619,299,0
1000,675.415,292,0
1000,693.4,342,0
1000,687.972,311,0
1000,680.694,340,0
1000,685.255,304,0
1000,683.384,282,0
1000,688.954,312,0
1000,660.847,272,0
1000,667.151,302,0
1000,689.905,339,0
1000,683.88,342,0
1000,666.388,313,0
1000,676.935,267,0
1000,677.859,288,0
1000,668.19,243,0
1000,662.981,324,0
1000,695.897,340,0
1000,674.025,316,0
1000,685.301,343,0
1000,679.492,332,0
1000,677.991,291,0
1000,673.445,289,0
1000,688.784,337,0
1000,688.025,346,0
1000,670.711,320,0
1000,678.82,346,0
1000,693.185,323,0
1000,678.799,309,0
1000,673.155,276,0
1000,676.319,275,0
1000,670.368,327,0
1000,682.944,336,0
1000,670.534,318,0
1000,658.251,308,0
1000,651.2,298,0
1000,688.509,372,0
1000,669.277,332,0
1000,677.135,299,0
1000,684.887,344,0
1000,682.957,321,0
1000,691.888,329,0
1000,677.622,310,0
1000,671.122,314,0
1000,676.821,317,0
1000,671.113,317,0
1000,691.577,343,0
1000,674.865,261,0
1000,690.822,305,0
1000,672.467,309,0
1000,688.963,347,0
1000,679.222,319,0
1000,680.911,282,0
1000,678.341,264,0
1000,695.746,340,0
1000,674.581,320,0
1000,654.997,292,0
1000,666.95,280,0
1000,671.057,308,0
1000,675.392,273,0
1000,662.176,320,0
1000,689.903,327,0
1000,693.157,340,0
1000,686.014,312,0
1000,672.988,298,0
1000,685.81,271,0
1000,692.549,332,0
1000,681.961,336,0
1000,669.894,308,0
1000,695.167,345,0
1000,686.803,333,0
1000,671.878,279,0
1000,665.157,299,0
1000,678.899,326,0
1000,676.908,291,0
1000,688.599,346,0
1000,672.642,322,0
1000,677.794,295,0
1000,676.805,265,0
1000,683.694,311,0
1000,672.765,310,0
1000,684.485,304,0
1000,653.763,308,0
1000,682.072,339,0
1000,677.733,319,0
1000,667.229,319,0
1000,674.925,310,0
1000,667.875,294,0
1000,691.359,286,0
1000,686.659,325,0
1000,664.464,286,0
1000,672.224,316,0
1000,684.259,336,0
1000,667.428,290,0
1000,656.256,285,0
1000,650.45,294,0
1000,679.274,312,0
1000,676.017,331,0
1000,685.419,336,0
1000,688.727,346,0
1000,667.259,315,0
1000,678.442,305,0
1000,674.482,276,0
1000,670.758,308,0
1000,685.34,264,0
1000,685.363,329,0
1000,667.076,298,0
1000,667.29,297,0
1000,664.979,305,0
1000,672.636,303,0
1000,680.419,316,0
1000,686.723,312,0
1000,665.305,307,0
1000,669.804,270,0
1000,668.995,306,0
1000,682.163,336,0
1000,672.714,317,0
1000,649.235,258,0
1000,674.901,324,0
1000,676.58,302,0
1000,691.696,325,0
1000,681.006,300,0
1000,690.048,329,0
1000,699.067,361,0
1000,673.941,306,0
1000,681.169,318,0
1000,679.23,325,0
1000,681.599,318,0
1000,687.637,331,0
1000,685.551,342,0
1000,667.423,296,0
1000,682.599,327,0
1000,681.937,305,0
1000,681.498,321,0
1000,702.163,340,0
1000,689.747,309,0
1000,693.922,335,0
1000,677.541,319,0
1000,704.452,359,0
1000,693.59,335,0
1000,679.114,324,0
1000,689.102,335,0
1000,677.451,323,0
1000,680.82,323,0
1000,672.008,322,0
1000,693.755,348,0
1000,667.423,286,0
1000,684.147,325,0
1000,667.789,307,0
1000,679.589,299,0
1000,690.449,278,0
1000,682.217,298,0
1000,682.894,248,0
1000,678.84,331,0
1000,655.495,289,0
1000,684.811,331,0
1000,690.371,282,0
1000,673.396,301,0
1000,668.689,306,0
1000,674.537,275,0
1000,669.086,272,0
1000,667.973,237,0
1000,689.576,347,0
1000,687.534,318,0
1000,672.818,287,0
1000,688.623,333,0
1000,684.606,323,0
1000,686.67,281,0
1000,683.88,216,0
1000,687.323,315,0
1000,690.035,340,0
1000,674.98,322,0
1000,657.255,293,0
1000,677.043,315,0
1000,672.149,303,0
1000,683.607,314,0
1000,671.257,301,0
1000,684.025,289,0
1000,684.391,324,0
1000,689.73,279,0
1000,670.744,304,0
1000,679.103,322,0
1000,678.72,310,0
1000,697.968,341,0
1000,690.428,330,0
1000,694.739,312,0
1000,693.341,340,0
1000,696.404,337,0
1000,685.722,338,0
1000,683.845,315,0
1000,690.856,333,0
1000,688.632,328,0
1000,659.108,297,0
1000,678.209,295,0
1000,672.09,262,0
1000,682.288,239,0
1000,671.873,297,0
1000,680.429,321,0
1000,689.113,325,0
1000,681.958,315,0
1000,669.404,310,0
1000,670.007,311,0
1000,693.209,310,0
1000,667.808,307,0
1000,677.414,318,0
1000,694.328,307,0
1000,676.541,313,0
1000,663.223,313,0
1000,692.508,340,0
1000,691.963,328,0
1000,689.996,320,0
1000,669.028,290,0
1000,680.382,299,0
1000,697.458,334,0
1000,673.835,312,0
1000,689.611,321,0
1000,665.287,258,0
1000,683.264,331,0
1000,677.776,319,0
1000,686.415,328,0
1000,689.085,344,0
1000,691.708,333,0
1000,702.242,324,0
1000,705.306,359,0
1000,689.707,326,0
1000,690.486,271,0
1000,687.893,316,0
1000,703.148,288,0
1000,691.515,215,0
1000,687.411,327,0
1000,692.535,323,0
1000,688.88,306,0
1000,686.202,279,0
1000,699.323,337,0
1000,683.338,290,0
1000,703.334,304,0
1000,686.155,259,0
1000,685.344,265,0
1000,676.796,322,0
1000,707.598,359,0
1000,686.413,330,0
1000,687.52,356,0
1000,674.725,319,0
1000,690.323,306,0
1000,671.598,303,0
1000,693.081,348,0
1000,695.778,317,0
1000,681.164,282,0
1000,670.963,276,0
1000,691.089,302,0
1000,672.066,304,0
1000,670.466,301,0
1000,698.365,346,0
1000,694.498,329,0
1000,681.242,281,0
1000,678.878,325,0
1000,696.185,330,0
1000,702.28,346,0
1000,675.281,292,0
1000,692.516,251,0
1000,697.157,338,0
1000,681.054,309,0
1000,687.668,338,0
1000,674.578,333,0
1000,674.382,305,0
1000,697.027,320,0
1000,694.165,300,0
1000,680.753,331,0
1000,695.906,332,0
1000,693.055,334,0
1000,700.075,326,0
1000,679.498,279,0
1000,682.758,334,0
1000,677.237,313,0
1000,683.045,319,0
1000,685.638,324,0
1000,692.595,332,0
1000,681.695,313,0
1000,680.012,276,0
1000,678.383,273,0
1000,677.127,325,0
1000,676.266,294,0
1000,696.765,292,0
1000,695.607,328,0
1000,684.03,326,0
1000,695.208,333,0
1000,687.114,305,0
1000,684.83,312,0
1000,666.454,298,0
1000,685.248,319,0
1000,692.541,354,0
1000,698.794,322,0
1000,681.47,264,0
1000,687.468,288,0
1000,690.875,327,0
1000,687.153,256,0
1000,696.694,303,0
1000,668.359,264,0
1000,676.675,325,0
1000,671.638,304,0
1000,689.782,324,0
1000,672.978,305,0
1000,679.496,300,0
1000,676.78,307,0
1000,669.927,295,0
1000,678.841,288,0
1000,672.097,305,0
1000,685.812,285,0
1000,696.053,292,0
1000,687.338,299,0
1000,695.521,260,0
1000,681.732,226,0
1000,672.043,196,0
1000,687.083,325,0
1000,687.094,338,0
1000,677.605,306,0
1000,691.256,320,0
1000,677.026,309,0
1000,671.627,315,0
1000,678.425,294,0
1000,705.498,318,0
1000,658.837,299,0
1000,678.276,288,0
1000,676.999,317,0
1000,672.618,309,0
1000,683.256,310,0
1000,693.506,324,0
1000,683.785,281,0
1000,684.685,285,0
1000,661.359,251,0
1000,678.544,267,0
1000,684.864,331,0
1000,691.053,333,0
1000,691.499,297,0
1000,693.594,300,0
1000,684.192,318,0
1000,678.114,314,0
1000,697.603,317,0
1000,683.787,288,0
1000,679.942,311,0
1000,681.289,335,0
1000,666.85,281,0
1000,683.446,289,0
1000,685.685,339,0
1000,694.422,337,0
1000,691.967,288,0
1000,692.149,340,0
1000,673.399,298,0
1000,684.957,268,0
1000,675.143,279,0
1000,671.828,303,0
1000,665.574,309,0
1000,657.9,286,0
1000,674.82,297,0
1000,671.55,298,0
1000,672.229,316,0
1000,680.185,322,0
1000,675.703,284,0
1000,680.449,331,0
1000,684.202,326,0
1000,672.706,305,0
1000,679.419,313,0
1000,678.062,325,0
1000,687.658,324,0
1000,675.142,335,0
1000,684.625,330,0
1000,674.656,311,0
1000,681.482,324,0
1000,692.207,307,0
1000,677.115,280,0
1000,685.147,332,0
1000,677.501,301,0
1000,675.585,324,0
1000,663.908,272,0
1000,664.674,284,0
1000,670.703,331,0
1000,674.081,306,0
1000,691.511,340,0
1000,688.102,343,0
1000,669.286,321,0
1000,683.471,286,0
1000,677.581,328,0
1000,679.022,284,0
1000,698.323,320,0
1000,675.811,289,0
1000,690.572,328,0
1000,689.179,307,0
1000,695.563,335,0
1000,673.167,296,0
1000,678.967,339,0
1000,682.435,337,0
1000,670.059,334,0
1000,685.107,328,0
1000,666.271,284,0
1000,686.843,307,0
1000,682.093,317,0
1000,675.949,328,0
1000,681.595,299,0
1000,681.155,327,0
1000,699.821,346,0
1000,691.445,342,0
1000,694.249,372,0
1000,695.387,331,0
1000,677.137,301,0
1000,676.497,266,0
1000,691.024,332,0
1000,688.001,313,0
1000,696.858,347,0
1000,693.828,342,0
1000,693.166,310,0
1000,682.465,273,0
1000,687.485,350,0
1000,707.237,355,0
1000,671.306,326,0
1000,697.266,326,0
1000,692.184,330,0
1000,692.211,330,0
1000,693.514,337,0
1000,697.161,313,0
1000,689.752,311,0
1000,689.941,312,0
1000,699.614,346,0
1000,684.287,328,0
1000,684.697,307,0
1000,678.222,306,0
1000,688.397,325,0
1000,679.721,284,0
1000,673.303,315,0
1000,689.72,320,0
1000,674.428,309,0
1000,692.817,347,0
1000,687.849,340,0
1000,684.556,285,0
1000,695.503,302,0
1000,688.626,343,0
1000,691.453,335,0
1000,695.578,299,0
1000,687.541,285,0
1000,679.829,263,0
1000,684.452,309,0
1000,694.595,325,0
1000,672.622,310,0
1000,694.423,351,0
1000,666.488,295,0
1000,687.835,285,0
1000,701.617,346,0
1000,691.831,318,0
1000,690.715,311,0
1000,691.614,282,0
1000,668.848,301,0
1000,686.953,287,0
1000,708.899,319,0
1000,701.731,339,0
1000,686.528,285,0
1000,693.258,342,0
1000,675.775,311,0
1000,684.43,317,0
1000,677.838,305,0
1000,682.417,313,0
1000,679.055,311,0
1000,689.122,335,0
1000,678.175,322,1
1000,670.386,296,1
1000,684.204,315,1
1000,689.011,329,1
1000,687.688,319,2
1000,686.677,336,1
1000,683.618,330,0
1000,679.508,314,0
1000,680.906,291,0
1000,664.419,305,0
1000,702.532,344,0
1000,691.805,323,0
1000,686.75,294,0
1000,681.203,255,0
1000,673.101,303,0
1000,660.587,272,0
1000,669.172,253,0
1000,684.011,305,0
1000,681.531,283,0
1000,692.464,331,0
1000,679.341,323,0
1000,686.656,343,0
1000,684.688,338,0
1000,681.547,355,0
1000,684.604,320,0
1000,682.093,344,0
1000,688.66,350,0
1000,684.633,285,0
1000,681.348,340,0
1000,674.806,295,0
1000,679.031,338,0
1000,681.948,335,0
1000,666.405,302,0
1000,699.048,292,0
1000,678.858,342,0
1000,689.94,344,0
1000,666.938,324,0
1000,690.43,324,0
1000,685.613,313,0
1000,689.667,340,0
1000,672.781,339,0
1000,698.2,339,0
1000,681.498,332,0
1000,665.101,298,0
1000,690.65,336,0
1000,672.576,315,0
1000,690.885,337,0
1000,673.856,328,0
1000,683.494,334,0
1000,699.246,359,0
1000,669.438,309,0
1000,681.833,335,0
1000,673.346,328,0
1000,678.152,328,0
1000,681.293,287,0
1000,671.444,300,0
1000,699.814,336,0
1000,681.147,319,0
1000,664.007,285,0
1000,656.83,313,0
1000,700.072,354,0
1000,677.387,331,0
1000,661.852,294,0
1000,656.807,323,0
1000,678.111,335,0
1000,691.661,369,0
1000,675.926,288,0
1000,685.627,338,0
1000,683.835,333,0
1000,664.411,345,0
1000,675.021,314,0
1000,673.493,333,0
1000,660.088,328,0
1000,688.33,359,0
1000,661.5,317,0
1000,682.86,337,0
1000,662.158,279,0
1000,675.911,325,0
1000,679.006,334,0
1000,684.424,340,0
1000,671.2,264,0
1000,682.699,328,0
1000,681.378,345,0
1000,680.023,309,0
1000,674.043,354,0
1000,686.928,349,0
1000,670.125,308,0
1000,668.637,338,0
1000,682.146,346,0
1000,677.446,319,0
1000,672.865,339,0
1000,676.428,339,0
1000,666.94,308,0
1000,662.452,288,0
1000,664.584,313,0
1000,684.266,352,0
1000,660.314,309,0
1000,683.681,309,0
1000,649.136,268,0
1000,693.837,345,0
1000,669.348,308,0
1000,687.679,352,0
1000,673.855,306,0
1000,664.41,325,0
1000,667.029,341,0
1000,656.537,322,0
1000,681.142,312,0
1000,665.918,301,0
1000,676.809,341,0
1000,679.376,334,0
1000,657.657,313,0
1000,664.731,306,0
1000,681.889,323,0
1000,676.741,315,0
1000,671.278,323,0
1000,666.583,326,0
1000,671.827,353,0
1000,661.508,333,0
1000,685.695,344,0
1000,663.408,321,0
1000,661.595,347,0
1000,676.955,316,0
1000,676.407,332,0
1000,665.183,324,0
1000,661.726,289,0
1000,647.67,302,0
1000,667.922,307,0
1000,657.294,302,0
1000,672.434,347,0
1000,665.056,312,0
1000,657.922,287,0
1000,685.615,350,0
1000,643.593,299,0
1000,678.871,351,0
1000,686.397,362,0
1000,675.773,347,0
1000,679.132,306,0
1000,665.321,306,0
1000,674.059,319,0
1000,670.712,298,0
1000,689.611,307,0
1000,670.558,320,0
1000,668.318,325,0
1000,667.74,332,0
1000,674.492,325,0
1000,671.076,334,0
1000,686.499,334,0
1000,682.742,278,0
1000,659.204,293,0
1000,679.144,295,0
1000,682.205,353,0
1000,669.868,313,0
1000,673.076,318,0
1000,669.812,346,0
1000,675.495,342,0
1000,654.12,313,0
1000,666.892,334,0
1000,675.047,296,0
1000,672.138,253,0
1000,661.33,242,0
1000,679.627,271,0
1000,677.835,302,0
1000,678.19,361,0
1000,683.294,321,0
1000,680.794,311,0
1000,656.768,260,0
1000,669.188,343,0
1000,677.637,329,0
1000,682.452,332,0
1000,675.164,288,0
1000,666.226,276,0
1000,652.451,317,0
1000,655.817,294,0
1000,671.942,330,0
1000,678.101,330,0
1000,676.032,293,0
1000,666.874,339,0
1000,654.729,314,0
1000,667.029,307,0
1000,668.894,316,0
1000,690.964,358,0
1000,669.518,307,0
1000,681.768,332,0
1000,669.48,337,0
1000,668.718,319,0
1000,667.457,312,0
1000,681.286,355,0
1000,670.984,317,0
1000,662.951,323,0
1000,664.114,329,0
1000,653.036,283,0
1000,679.88,243,0
1000,686.917,337,0
1000,678.931,291,0
1000,675.227,284,0
1000,664.59,262,0
1000,673.003,323,0
1000,674.271,324,0
1000,674.682,328,0
1000,666.12,293,0
1000,690.527,346,0
1000,673.282,330,0
1000,665.812,328,0
1000,678.692,314,0
1000,683.734,348,0
1000,669.119,327,0
1000,678.739,331,0
1000,674.976,346,0
1000,692.972,353,0
1000,672.936,340,0
1000,674.671,354,0
1000,666.338,331,0
1000,666.744,311,0
1000,668.872,335,0
1000,650.72,319,0
1000,656.043,321,0
1000,653.922,305,0
1000,680.118,346,0
1000,675.35,342,0
1000,653.263,324,0
1000,658.391,292,0
1000,654.612,314,0
1000,691.163,347,0
1000,677.763,345,0
1000,679.475,319,0
1000,652.37,321,0
1000,673.3,318,0
1000,668.651,297,0
1000,681.117,353,0
1000,676.391,339,0
1000,658.542,306,0
1000,655.996,280,0
1000,656.876,263,0
1000,657.418,323,0
1000,663.278,274,0
1000,672.745,310,0
1000,680.924,286,0
1000,659.103,281,0
1000,657.052,339,0
1000,674.64,335,0
1000,683.698,353,0
1000,674.871,348,0
1000,670.045,302,0
1000,691.112,359,0
1000,668.137,319,0
1000,682.223,340,0
1000,660.412,330,0
1000,672.887,326,0
1000,653.179,295,0
1000,675.718,332,0
1000,667.697,329,0
1000,672.719,330,0
1000,680.682,338,0
1000,670.336,259,0
1000,678.368,347,0
1000,686.95,299,0
1000,685.668,320,0
1000,678.789,296,0
1000,657.889,327,0
1000,670.523,316,0
1000,676.705,318,0
1000,669.742,290,0
1000,672.603,321,0
1000,673.792,322,0
1000,676.082,303,0
1000,692.196,345,0
1000,676.696,320,0
1000,664.897,307,0
1000,654.003,291,0
1000,665.758,321,0
1000,668.862,322,0
1000,677.993,324,0
1000,673.307,306,0
1000,663.607,294,0
1000,669.649,327,0
1000,667.947,318,0
1000,656.668,326,0
1000,672.125,307,0
1000,663.55,322,0
1000,654.112,296,0
1000,658.307,310,0
1000,667.552,318,0
1000,646.003,321,0
1000,686.894,343,0
1000,672.604,329,0
1000,669.278,295,0
1000,657.686,310,0
1000,669.497,324,0
1000,663.493,297,0
1000,672.027,338,0
1000,662.855,302,0
1000,660.014,282,0
1000,682.895,329,0
1000,675.548,311,0
1000,687.042,326,0
1000,673.02,325,0
1000,666.947,315,0
1000,664.06,263,0
1000,683.99,350,0
1000,699.98,356,0
1000,665.971,283,0
1000,668.226,267,0
1000,682.043,308,0
1000,677.914,271,0
1000,674.312,347,0
1000,680.048,328,0
1000,683.994,348,0
1000,677.284,345,0
1000,663.545,273,0
1000,644.982,301,0
1000,650.547,290,0
1000,665.322,288,0
1000,657.882,277,0
1000,664.554,301,0
1000,661.776,297,0
1000,672.034,311,0
1000,662.671,286,0
1000,686.247,333,0
1000,679.965,292,0
1000,665.565,339,0
1000,689.732,337,0
1000,668.749,320,0
1000,659.474,305,0
1000,666.933,288,0
1000,648.177,281,0
1000,664.715,248,0
1000,664.644,216,0
1000,665.305,315,0
1000,674.435,328,0
1000,658.896,304,0
1000,659.238,297,0
1000,671.468,343,0
1000,676.204,313,0
1000,683.179,305,0
1000,658.418,254,0
1000,668.143,323,0
1000,684.691,319,0
1000,689.223,321,0
1000,654.498,294,0
1000,675.468,332,0
1000,678.488,301,0
1000,674.482,271,0
1000,671.444,333,0
1000,675.839,334,0
1000,665.108,321,0
1000,669.295,336,0
1000,670.423,321,0
1000,659.719,335,0
1000,660.112,300,0
1000,666.412,315,0
1000,667.01,327,0
1000,650.625,309,0
1000,668.135,302,0
1000,669.787,307,0
1000,672.332,330,0
1000,660.419,317,0
1000,664.434,322,0
1000,672.858,247,0
1000,662.335,306,0
1000,677.962,293,0
1000,656.765,258,0
1000,674.124,304,0
1000,687.161,278,0
1000,666.232,243,0
1000,670.551,229,0
1000,676.314,344,0
1000,667.318,290,0
1000,644.555,247,0
1000,659.311,327,0
1000,659.369,276,0
1000,661.275,322,0
1000,653.824,286,0
1000,661.88,318,0
1000,656.929,327,0
1000,668.199,322,0
1000,662.984,290,0
1000,649.075,273,0
1000,685.294,333,0
1000,674.425,342,0
1000,676.007,347,0
1000,660.954,324,0
1000,661.341,317,0
1000,675.042,320,0
1000,675.029,362,0
1000,675.173,300,0
1000,636.648,292,0
1000,680.114,334,0
1000,666.526,288,0
1000,668.764,247,0
1000,664.059,262,0
1000,663.338,336,0
1000,665.629,301,0
1000,659.971,312,0
1000,684.662,332,0
1000,664.948,304,0
1000,679.615,313,0
1000,657.631,334,0
1000,654.662,284,0
1000,672.549,272,0
1000,674.291,328,0
1000,668.352,301,0
1000,668.104,313,0
1000,660.24,313,0
1000,682.565,343,0
1000,673.508,350,0
1000,664.018,328,0
1000,668.893,320,0
1000,667.852,283,0
1000,654.137,227,0
1000,668.845,285,0
1000,657.038,242,0
1000,650.105,221,0
1000,661.208,307,0
1000,684.402,325,0
1000,647.623,297,0
1000,648.125,276,0
1000,648.965,299,0
1000,660.344,238,0
1000,663.768,320,0
1000,660.666,313,0
1000,668.458,315,0
1000,668.114,316,0
1000,671.147,308,0
1000,673.617,316,0
1000,660.534,287,0
1000,676.241,343,0
1000,664.223,326,0
1000,674.954,316,0
1000,651.191,291,0
1000,643.486,241,0
1000,662.325,322,0
1000,668.215,304,0
1000,673.944,330,0
1000,660.095,322,0
1000,646.916,260,0
1000,667.67,324,0
1000,650.541,299,0
1000,645.378,273,0
1000,676.803,331,0
1000,660.607,283,0
1000,644.811,295,0
1000,665.697,299,0
1000,661.867,298,0
1000,653.357,266,0
1000,660.136,298,0
1000,670.116,333,0
1000,646.334,302,0
1000,650.151,249,0
1000,661.444,267,0
1000,655.69,225,0
1000,652.524,287,0
1000,652.992,288,0
1000,666.216,292,0
1000,674.209,279,0
1000,634.375,263,0
1000,661.571,313,0
1000,658.413,269,0
1000,674.116,332,0
1000,666.806,310,0
1000,657.949,304,0
1000,670.78,325,0
1000,653.731,302,0
1000,663.494,282,0
1000,663.67,321,0
1000,668.999,271,0
1000,653.197,284,0
1000,673.028,334,0
1000,644.284,312,0
1000,655.567,322,0
1000,673.304,348,0
1000,666.549,307,0
1000,674.914,329,0
1000,657.759,318,0
1000,668.663,328,0
1000,661.083,327,0
1000,672.197,303,0
1000,658.862,323,0
1000,667.466,299,0
1000,675.714,332,0
1000,683.297,342,0
1000,659.122,331,0
1000,675.207,327,0
1000,667.085,299,0
1000,654.108,267,0
1000,677.428,281,0
1000,659.784,297,0
1000,675.03,336,0
1000,668.967,327,0
1000,665.515,265,0
1000,652.025,283,0
1000,668.587,289,0
1000,681.86,334,0
1000,653.087,288,0
1000,657.133,312,0
1000,677.498,324,0
1000,658.242,310,0
1000,668.322,332,0
1000,675.646,305,0
1000,658.957,285,0
1000,671.399,298,0
1000,666.257,273,0
1000,658.14,325,0
1000,650.158,288,0
1000,664.3,328,0
1000,687.39,316,0
1000,678.268,351,0
1000,658.124,314,0
1000,662.935,331,0
1000,666.913,315,0
1000,664.64,314,0
1000,656.381,329,0
1000,660.738,308,0
1000,662.213,324,0
1000,675.291,337,0
1000,674.882,345,0
1000,677.105,333,0
1000,662.71,334,0
1000,662.777,289,0
1000,664.378,336,0
1000,660.831,306,0
1000,665.787,334,0
1000,656.373,321,0
1000,663.254,306,0
1000,666.275,310,0
1000,671.455,333,0
1000,670.377,334,0
1000,682.068,354,0
1000,653.805,301,0
1000,681.17,305,0
1000,658.921,314,0
1000,675.687,333,0
1000,664.666,278,0
1000,664.365,286,0
1000,663.121,240,0
1000,661.442,310,0
1000,660.597,313,0
1000,666.056,294,0
1000,671.402,297,0
1000,658.606,323,0
1000,674.348,304,0
1000,661.702,325,0
1000,680.24,322,0
1000,676.082,285,0
1000,670.052,303,0
1000,665.772,349,0
1000,668.944,342,0
1000,651.793,310,0
1000,644.911,275,0
1000,655.346,310,0
1000,652.627,295,0
1000,672.4,339,0
1000,661.148,298,0
1000,667.915,308,0
1000,658.942,329,0
1000,664.215,305,0
1000,666.485,296,0
1000,671.191,273,0
1000,668.292,312,0
1000,665.482,301,0
1000,673.43,277,0
1000,676.255,326,0
1000,650.007,259,0
1000,658.718,283,0
1000,679.723,340,0
1000,658.673,287,0
1000,664.637,274,0
1000,664.58,266,0
1000,664.816,295,0
1000,673.092,301,0
1000,679.433,314,0
1000,686.592,320,0
1000,659.289,276,0
1000,652.134,263,0
1000,668.906,312,0
1000,690.831,342,0
1000,680.282,294,0
1000,649.715,243,0
1000,672.532,338,0
1000,660.049,309,0
1000,661.995,326,0
1000,674.073,313,0
1000,674.336,303,0
1000,677.036,317,0
1000,657.468,313,0
1000,673.597,366,0
1000,673.005,316,0
1000,663.101,315,0
1000,673.801,322,0
1000,659.331,327,0
1000,678.929,341,0
1000,672.131,359,0
1000,651.715,318,0
1000,672.225,319,0
1000,675.514,318,0
1000,687.498,341,0
1000,685.138,308,0
1000,673.331,275,0
1000,665.377,231,0
1000,675.294,289,0
1000,692.134,368,0
1000,676.396,308,0
1000,655.493,309,0
1000,682.131,345,0
1000,660.606,303,0
1000,651.237,311,0
1000,674.437,312,0
1000,686.63,292,0
1000,687.973,250,0
1000,660.734,321,0
1000,670.179,345,0
1000,686.533,365,0
1000,666.668,297,0
1000,668.449,279,0
1000,657.223,303,0
1000,681.213,320,0
1000,664.885,330,0
1000,653.893,318,0
1000,664.953,315,0
1000,674.622,318,0
1000,674.255,285,0
1000,687.376,363,0
1000,663.46,305,0
1000,659,314,0
1000,672.984,316,0
1000,658.516,309,0
1000,670.438,337,0
1000,663.322,321,0
1000,674.35,338,0
1000,680.017,321,0
1000,663.691,262,0
1000,651.705,245,0
1000,648.925,244,0
1000,670.245,335,0
1000,643.088,292,0
1000,678.18,301,0
1000,669.581,330,0
1000,682.847,293,0
1000,657.1,330,0
1000,667.168,322,0
1000,664.216,318,0
1000,660.902,332,0
1000,664.785,346,0
1000,654.535,318,0
1000,668.062,326,0
1000,668.155,316,0
1000,653.986,297,0
1000,640.097,293,0
1000,671.204,337,0
1000,667.039,315,0
1000,683.586,302,0
1000,645.319,249,0
1000,660.641,314,0
1000,647.181,286,0
1000,666.568,288,0
1000,658.223,321,0
1000,676.345,300,0
1000,666.533,298,0
1000,665.148,285,0
1000,655.121,288,0
1000,667.599,253,0
1000,682.62,334,0
1000,664.578,320,0
1000,678.341,312,0
1000,676.869,273,0
1000,671.617,272,0
1000,671.798,324,0
1000,663.035,321,0
1000,659.032,317,0
1000,693.216,327,0
1000,655.102,269,0
1000,664.641,257,0
1000,638.873,245,0
1000,661.442,339,0
1000,666.984,312,0
1000,652.959,320,0
1000,676.846,323,0
1000,668.011,336,0
1000,686.096,302,0
1000,654.688,302,0
1000,679.822,324,0
1000,681.978,312,0
1000,668.471,302,0
1000,691.638,338,0
1000,662.98,320,0
1000,662.748,300,0
1000,671.632,324,0
1000,661.4,307,0
1000,645.922,296,0
1000,672.039,337,0
1000,655.01,318,0
1000,658.521,311,0
1000,642.895,305,0
1000,665.764,265,0
1000,677.992,323,0
1000,663.809,312,0
1000,670.085,320,0
1000,654.059,287,0
1000,665.734,303,0
1000,677.319,278,0
1000,669.872,253,0
1000,651.271,290,0
1000,682.745,326,0
1000,669.836,322,0
1000,654.681,300,0
1000,669.797,334,0
1000,661.577,320,0
1000,657.629,331,0
1000,646.893,311,0
1000,662.672,332,0
1000,662.909,305,0
1000,643.927,284,0
1000,657.46,247,0
1000,660.882,324,0
1000,659.829,325,0
1000,669.08,322,0
1000,651.315,305,0
1000,657.293,311,0
1000,670.886,319,0
1000,662.344,307,0
1000,660.175,326,0
1000,665.833,307,0
1000,667.82,327,0
1000,662.388,312,0
1000,668.732,327,0
1000,659.172,320,0
1000,667.611,294,0
1000,664.834,319,0
1000,676.447,348,0
1000,666.276,320,0
1000,665.014,309,0
1000,669.178,295,0
1000,655.369,277,0
1000,659.635,321,0
1000,682.984,349,0
1000,667.6,341,0
1000,654.728,313,0
1000,656.236,310,0
1000,668.79,301,0
1000,666.714,331,0
1000,656.593,315,0
1000,670.938,256,0
1000,667.563,335,0
1000,669.289,326,0
1000,667.451,318,0
1000,657.98,283,0
1000,664.177,283,0
1000,668.274,336,0
1000,652.16,320,0
1000,661.665,320,0
1000,672.45,330,0
1000,669.857,321,0
1000,651.429,306,0
1000,667.305,317,0
1000,687.052,318,0
1000,675.503,319,0
1000,656.554,310,0
1000,680.798,335,0
1000,689.778,354,0
1000,663.103,334,0
1000,683.033,341,0
1000,656.878,269,0
1000,675.94,319,0
1000,662.878,316,0
1000,665.564,314,0
1000,649.592,296,0
1000,673.839,322,0
1000,664.553,326,0
1000,666.67,299,0
1000,653.528,317,0
1000,672.535,300,0
1000,655.063,327,0
1000,658.718,326,0
1000,675.882,314,0
1000,659.053,309,0
1000,669.41,324,0
1000,662.862,319,0
1000,678.504,328,0
1000,654.756,268,0
1000,658.318,325,0
1000,659.964,311,0
1000,667.09,319,0
1000,664.136,346,0
1000,657.321,311,0
1000,672.706,342,0
1000,658.332,281,0
1000,663.703,337,0
1000,660.753,295,0
1000,658.242,314,0
1000,657.296,300,0
1000,663.277,327,0
1000,664.888,315,0
1000,667.027,315,0
1000,662.614,287,0
1000,650.685,307,0
1000,675.67,343,0
1000,656.223,297,0
1000,658.837,334,0
1000,651.14,275,0
1000,646.033,249,0
1000,668.664,330,0
1000,665.154,306,0
1000,657.9,330,0
1000,671,332,0
1000,680.561,344,0
1000,650.654,319,0
1000,643.853,291,0
1000,670.038,284,0
1000,681.337,345,0
1000,676.111,319,0
1000,668.572,341,0
1000,675.602,334,0
1000,661.003,316,0
1000,663.309,328,0
1000,667.614,312,0
1000,682.601,341,0
1000,661.22,307,0
1000,656.495,278,0
1000,667.062,341,0
1000,668.828,314,0
1000,673.217,322,0
1000,667.788,286,0
1000,662.224,269,0
1000,655.673,275,0
1000,646.871,305,0
1000,670.298,334,0
1000,654.726,300,0
1000,653.368,300,0
1000,654.301,315,0
1000,653.174,316,0
1000,653.85,286,0
1000,668.467,334,0
1000,649.543,289,0
1000,663.875,280,0
1000,661.273,294,0
1000,662.511,318,0
1000,680.919,328,0
1000,662.138,297,0
1000,653.611,285,0
1000,661.668,266,0
1000,663.89,265,0
1000,676.104,350,0
1000,665.315,277,0
1000,657.576,286,0
1000,659.536,305,0
1000,673.241,333,0
1000,649.203,281,0
1000,667.805,312,0
1000,655.244,291,0
1000,676.581,338,0
1000,645.636,271,0
1000,662.178,315,0
1000,675.175,327,0
1000,655.111,319,0
1000,667.686,317,0
1000,657.416,308,0
1000,680.525,343,0
1000,669.044,309,0
1000,662.326,323,0
1000,679.639,340,0
1000,661.551,339,0
1000,663.737,325,0
1000,674.923,334,0
1000,667.096,347,0
1000,660.611,296,0
1000,678.62,351,0
1000,673.18,326,0
1000,679.56,309,0
1000,669.119,290,0
1000,669.19,310,0
1000,664.052,295,0
1000,646.019,276,0
1000,629.097,287,0
1000,665.596,322,0
1000,676.707,315,0
1000,654.057,310,0
1000,681.918,306,0
1000,663.151,292,0
1000,643.874,242,0
1000,648.371,262,0
1000,660.88,326,0
1000,677.258,304,0
1000,678.144,331,0
1000,658.687,284,0
1000,678.618,318,0
1000,672.217,322,0
1000,681.361,355,0
1000,640.113,273,0
1000,658.535,273,0
1000,682.954,305,0
1000,668.586,319,0
1000,659.577,324,0
1000,661.275,325,0
1000,669.314,336,0
1000,670.424,329,0
1000,653.544,318,0
1000,673.112,336,0
1000,658.227,328,0
1000,659.913,319,0
1000,648.052,292,0
1000,671.078,336,0
1000,647.327,277,0
1000,698.013,323,0
1000,663.89,308,0
1000,668.961,332,0
1000,658.77,320,0
1000,679.007,350,0
1000,669.581,320,0
1000,668.717,320,0
1000,669.611,313,0
1000,671.067,301,0
1000,654.995,315,0
1000,648.714,292,0
1000,671.336,284,0
1000,670.926,276,0
1000,673.701,271,0
1000,673.824,325,0
1000,654.412,253,0
1000,675.398,299,0
1000,663.055,331,0
1000,674.453,337,0
1000,659.27,301,0
1000,652.319,290,0
1000,656.078,282,0
1000,682.196,319,0
1000,682.309,343,0
1000,669.284,338,0
1000,650.241,300,0
1000,657.985,318,0
1000,661.63,300,0
1000,670.825,324,0
1000,676.464,339,0
1000,671.419,341,0
1000,655.602,318,0
1000,658.017,288,0
1000,660.007,324,0
1000,675.131,301,0
1000,662.041,328,0
1000,665.539,344,0
1000,679.534,326,0
1000,649.774,273,0
1000,671.966,323,0
1000,662.701,277,0
1000,664.161,282,0
1000,654.998,286,0
1000,660.868,310,0
1000,648.355,309,0
1000,671.654,327,0
1000,686.911,342,0
1000,670.757,332,0
1000,660.949,316,0
1000,667.13,305,0
1000,662.455,322,0
1000,665.246,295,0
1000,658.291,309,0
1000,660.676,301,0
1000,685.791,338,0
1000,656.713,305,0
1000,671.139,282,0
1000,673.06,328,0
1000,662.682,317,0
1000,670.45,328,0
1000,673.236,348,0
1000,657.996,316,0
1000,660.741,333,0
1000,652.824,297,0
1000,671.086,330,0
1000,667.695,288,0
1000,669.346,324,0
1000,655.626,307,0
1000,639.254,302,0
1000,676.651,324,0
1000,677.055,350,0
1000,680.283,319,0
1000,660.975,303,0
1000,683.63,304,0
1000,657.337,261,0
1000,651.894,313,0
1000,674.935,334,0
1000,654.345,300,0
1000,676.558,324,0
1000,673.888,306,0
1000,671.542,318,0
1000,661.566,281,0
1000,645.846,264,0
1000,648.971,254,0
1000,676.834,349,0
1000,662.41,305,0
1000,672.91,296,0
1000,654.919,302,0
1000,658.398,310,0
1000,676.362,318,0
1000,659.796,266,0
1000,679.771,309,0
1000,671.335,322,0
1000,677.467,339,0
1000,648.022,279,0
1000,661.082,274,0
1000,665.35,300,0
1000,666.584,299,0
1000,671.971,315,0
1000,668.503,278,0
1000,674.925,308,0
1000,661.904,311,0
1000,646.179,276,0
1000,673.056,337,0
1000,676.49,324,0
1000,657.464,283,0
1000,648.37,287,0
1000,643.169,288,0
1000,667.345,295,0
1000,675.374,315,0
1000,658.217,273,0
1000,651.768,315,0
1000,670.307,282,0
1000,657.362,300,0
1000,663.711,311,1
1000,658.392,306,0
1000,672.837,338,0
1000,663.66,320,0
1000,649.609,308,0
1000,671.731,319,0
1000,669.957,275,0
1000,658.702,286,0
1000,661.003,284,0
1000,667.752,334,0
1000,663.449,310,0
1000,658.944,268,0
1000,662.884,301,0
1000,673.838,338,0
1000,646.434,254,0
1000,662.625,312,0
1000,660.435,324,0
1000,670.412,285,0
1000,665.665,307,0
1000,660.288,265,0
1000,679.796,325,0
1000,653.734,293,0
1000,685.364,329,0
1000,658.372,323,0
1000,651.18,293,0
1000,653.873,273,0
1000,657.515,333,0
1000,677.151,358,0
1000,662.086,311,0
1000,685.999,342,0
1000,679.706,334,0
1000,679.824,335,0
1000,661.375,293,0
1000,672.585,305,0
1000,663.901,295,0
1000,660.373,321,0
1000,657.114,311,0
1000,639.447,256,0
1000,655.1,269,0
1000,654.159,290,0
1000,657.13,287,0
1000,653.539,310,0
1000,676.979,352,0
1000,668.75,333,0
1000,658.959,277,0
1000,666.8,316,0
1000,639.729,281,0
1000,665.204,311,0
1000,669.161,340,0
1000,657.896,290,0
1000,686.852,278,0
1000,668.72,336,0
1000,664.126,326,0
1000,654.55,312,0
1000,670.299,281,0
1000,648.836,289,0
1000,662.75,317,0
1000,660.746,321,0
1000,671.75,340,0
1000,671.105,290,0
1000,642.896,222,0
1000,664.054,304,0
1000,663.909,298,0
1000,658.867,291,0
1000,669.346,320,0
1000,668.796,315,0
1000,660.998,294,0
1000,658.879,279,0
1000,661.115,271,0
1000,642.261,279,0
1000,652.136,291,0
1000,664.774,315,0
1000,648.721,306,0
1000,654.447,308,0
1000,654.877,310,0
1000,680.761,326,0
1000,658.394,329,0
1000,658.965,274,0
1000,658.337,291,0
1000,635.797,306,0
1000,648.429,292,0
1000,658.717,292,0
1000,653.958,307,0
1000,656.47,327,0
1000,672.183,339,0
1000,671.784,333,0
1000,660.177,313,0
1000,670.469,331,0
1000,654.599,278,0
1000,661.43,296,0
1000,667.56,316,0
1000,653.712,300,0
1000,662.283,268,0
1000,654.953,285,0
1000,661.417,252,0
1000,637.853,295,0
1000,662.831,334,0
1000,666.863,335,0
1000,662.839,301,0
1000,685.151,341,0
1000,673.02,337,0
1000,672.689,298,0
1000,666.247,331,0
1000,660.257,289,0
1000,665.546,328,0
1000,651.339,287,0
1000,668.754,338,0
1000,674.143,332,0
1000,661.772,272,0
1000,681.989,352,0
1000,661.659,311,0
1000,641.944,257,0
1000,660.296,269,0
1000,649.009,285,0
1000,686.042,302,0
1000,664.726,323,0
1000,682.29,319,0
1000,662.217,315,0
1000,658.881,311,0
1000,673.668,340,0
1000,671.609,340,0
1000,664.735,311,0
1000,666.824,283,0
1000,649.714,295,0
1000,661.734,305,0
1000,633.095,231,0
1000,634.201,250,0
1000,675.156,282,0
1000,668.96,263,0
1000,658.692,272,0
1000,665.651,267,0
1000,644.486,208,0
1000,659.262,308,0
1000,642.305,280,0
1000,648.163,304,0
1000,643.242,292,0
1000,654.7,288,0
1000,660.237,294,0
1000,663.373,322,0
1000,666.237,321,0
1000,677.985,322,0
1000,671.243,294,0
1000,668.77,323,0
1000,638.301,290,0
1000,646.016,293,0
1000,658.241,333,0
1000,661.584,336,0
1000,651.577,319,0
1000,677.353,351,0
1000,656.616,319,0
1000,647.872,307,0
1000,648.589,294,0
1000,656.155,316,0
1000,676.321,325,0
1000,653.394,299,0
1000,651.147,253,0
1000,639.832,306,0
1000,654.706,292,0
1000,637.831,281,0
1000,657.277,285,0
1000,646.567,258,0
1000,644.953,285,0
1000,654.66,293,0
1000,654.374,333,0
1000,658.713,310,0
1000,651.227,291,0
1000,667.55,336,0
1000,649.544,297,0
1000,658.339,309,0
1000,670.666,319,0
1000,646.261,288,0
1000,644.766,282,0
1000,643.3,274,0
1000,655.691,317,0
1000,666.018,306,0
1000,656.578,316,0
1000,654.652,270,0
1000,651.187,299,0
1000,667.499,301,0
1000,643.644,299,0
1000,677.405,332,0
1000,666.62,293,0
1000,671.702,278,1
1000,627.013,249,0
1000,671.897,297,0
1000,669.433,317,0
1000,661.958,324,0
1000,661.849,314,0
1000,653.283,276,0
1000,669.426,330,0
1000,681.119,347,0
1000,662.166,333,0
1000,671.435,320,0
1000,651.176,319,0
1000,666.849,331,0
1000,669.274,325,0
1000,671.199,324,0
1000,661.719,312,0
1000,647.473,283,0
1000,663.318,334,0
1000,648.491,299,0
1000,651.078,290,0
1000,653.681,299,0
1000,654.225,315,0
1000,657.102,287,0
1000,658.241,324,0
1000,655.213,287,0
1000,657.106,301,0
1000,644.751,284,0
1000,640.604,235,0
1000,665.09,318,0
1000,668.497,303,0
1000,653.209,315,0
1000,665.863,330,0
1000,646.049,296,0
1000,613.516,266,0
1000,672.199,315,0
1000,649.161,275,0
1000,668.41,290,0
1000,663.485,321,0
1000,658.65,313,0
1000,659.859,304,0
1000,658.214,334,0
1000,646.667,309,0
1000,656.59,329,0
1000,649.91,312,0
1000,643.652,303,0
1000,650.433,305,0
1000,671.411,335,0
1000,675.388,316,0
1000,649.749,314,0
1000,669.011,336,0
1000,654.403,299,0
1000,662.057,337,0
1000,672.893,324,0
1000,656.045,328,0
1000,664.95,323,0
1000,647.335,289,0
1000,672.817,278,0
1000,653.504,292,0
1000,672.656,308,0
1000,658.366,334,0
1000,649.513,298,0
1000,655.682,325,0
1000,647.991,259,0
1000,661.35,312,0
1000,655.909,324,0
1000,653.462,271,0
1000,656.275,338,0
1000,650.65,293,0
1000,660.56,328,0
1000,678.746,330,0
1000,669.033,279,0
1000,652.242,313,0
1000,662.03,332,0
1000,664.183,256,0
1000,656.29,279,0
1000,658.425,332,0
1000,664.722,324,0
1000,663.528,266,0
1000,687.723,320,0
1000,656.463,302,0
1000,658.272,310,0
1000,677.214,330,0
1000,672.199,306,0
1000,675.277,348,0
1000,657.603,310,0
1000,675.225,303,0
1000,669.403,333,0
1000,671.24,335,0
1000,652.007,311,0
1000,664.282,319,0
1000,675.216,349,0
1000,648.666,282,0
1000,661.114,290,0
1000,668.002,323,0
1000,660.78,322,0
1000,674.221,275,0
1000,654.351,245,0
1000,676.962,312,0
1000,664.336,280,0
1000,674.239,249,0
1000,681.894,359,0
1000,666.203,320,0
1000,673.823,285,0
1000,648.493,268,0
1000,653.598,262,0
1000,661.314,320,0
1000,672.878,321,0
1000,678.48,331,0
1000,676.61,275,0
1000,665.8,257,0
1000,671.405,321,0
1000,667.018,313,0
1000,659.88,314,0
1000,654.852,306,0
1000,662.142,298,0
1000,672.966,306,0
1000,652.553,259,0
1000,666.073,280,0
1000,670.665,344,0
1000,657.248,288,0
1000,684.237,355,0
1000,658.617,294,0
1000,657.12,308,0
1000,670.8,310,0
1000,671.679,297,0
1000,677.658,300,0
1000,671.701,332,0
1000,646.453,277,0
1000,632.369,235,0
1000,657.324,262,0
1000,668.991,315,0
1000,658.919,334,0
1000,692.947,343,0
1000,677.116,322,0
1000,661.639,285,0
1000,679.251,297,0
1000,654.446,336,0
1000,668.149,322,0
1000,659.849,279,0
1000,661.442,331,0
1000,656.916,291,0
1000,639.647,253,0
1000,647.355,256,0
1000,681.211,356,0
1000,662.117,337,0
1000,682.348,343,0
1000,664.937,296,0
1000,672.297,329,0
1000,656.463,306,0
1000,665.472,319,0
1000,674.685,319,0
1000,650.024,304,0
1000,659.413,287,0
1000,672.937,279,0
1000,668.512,349,0
1000,659.644,296,0
1000,661.48,295,0
1000,673.929,345,0
1000,644.451,309,0
1000,670.634,325,0
1000,652.267,296,0
1000,681.636,359,0
1000,664.175,323,0
1000,666.77,296,0
1000,653.21,266,0
1000,682.228,322,0
1000,652.513,323,0
1000,659.468,322,0
1000,669.942,338,0
1000,663.832,297,0
1000,661.364,333,0
1000,668.12,338,0
1000,662.843,323,0
1000,655.234,304,0
1000,661.337,308,0
1000,645.627,319,0
1000,655.952,323,0
1000,664.209,320,0
1000,659.87,306,0
1000,677.863,344,0
1000,661.396,325,0
1000,645.669,306,0
1000,648.298,299,0
1000,660.689,303,0
1000,661.457,301,0
1000,656.771,303,0
1000,671.713,278,0
1000,654.923,304,0
1000,649.036,277,0
1000,659.02,235,0
1000,667.579,316,0
1000,664.247,310,0
1000,668.116,321,0
1000,673.278,339,0
1000,664.833,337,0
1000,667.831,325,0
1000,668.013,326,0
1000,649.579,313,0
1000,672.063,304,0
1000,667.534,348,0
1000,657.873,291,0
1000,679.528,308,0
1000,661.307,336,0
1000,657.769,315,0
1000,668.309,317,0
1000,645.785,326,0
1000,647.149,268,0
1000,658.043,278,0
1000,672.341,336,0
1000,653.508,319,0
1000,653.817,321,0
1000,645.396,285,0
1000,626.999,256,0
1000,657.808,289,0
1000,652.896,285,0
1000,650.984,254,0
1000,650.719,268,0
1000,648.898,270,0
1000,633.037,290,0
1000,663.913,302,0
1000,653.947,305,0
1000,652.701,282,0
1000,666.46,337,0
1000,657.137,320,0
1000,647.395,291,0
1000,649.914,300,0
1000,665.89,329,0
1000,645.887,313,0
1000,646.956,300,0
1000,674.063,307,0
1000,650.631,330,0
1000,653.204,328,0
1000,662.598,322,0
1000,643.349,290,0
1000,677.385,351,0
1000,659.276,327,0
1000,647.231,311,0
1000,652.546,291,0
1000,639.349,270,0
1000,663.411,330,0
1000,649.556,308,0
1000,652.444,314,0
1000,676.95,314,0
1000,678.466,339,0
1000,634.356,297,0
1000,648.72,310,0
1000,681.177,350,0
1000,670.827,326,0
1000,670.298,329,0
1000,660.214,319,0
1000,652.844,327,0
1000,666.318,319,0
1000,653.553,309,0
1000,649.348,320,0
1000,655.438,325,0
1000,668.384,334,0
1000,659.529,333,0
1000,656.009,343,0
1000,651.688,310,0
1000,662.68,315,0
1000,662.992,334,0
1000,650.33,325,0
1000,669.16,324,0
1000,681.455,287,0
1000,653.694,303,0
1000,665.343,337,0
1000,658.091,318,0
1000,660.23,324,0
1000,664.037,319,0
1000,664.323,319,0
1000,678.077,291,0
1000,649.769,308,0
1000,642.532,284,0
1000,684.907,320,0
1000,661.585,314,0
1000,666.069,298,0
1000,685.422,358,0
1000,665.128,323,0
1000,671.238,344,0
1000,669.159,338,0
1000,658.875,303,0
1000,674.67,292,0
1000,666.982,326,0
1000,646.58,316,0
1000,655.183,298,0
1000,673.031,325,0
1000,686.596,341,0
1000,657.512,327,0
1000,659.72,314,0
1000,682.521,339,0
1000,666.936,319,0
1000,667.397,294,0
1000,651.199,308,0
1000,668.839,311,0
1000,682.791,309,0
1000,665.778,322,0
1000,672.092,339,0
1000,669.073,290,0
1000,654.803,266,0
1000,680.394,351,0
1000,673.885,327,0
1000,652.375,294,0
1000,675.27,291,0
1000,661.527,311,0
1000,676.385,303,0
1000,667.252,311,0
1000,658.465,322,0
1000,674.77,325,0
1000,672.96,292,0
1000,670.165,304,0
1000,660.435,288,0
1000,674.104,298,0
1000,659.86,264,0
1000,662.864,302,0
1000,661.46,310,0
1000,692.074,338,0
1000,658.625,328,0
1000,671.296,340,0
1000,655.125,274,0
1000,668.1,288,0
1000,651.284,302,0
1000,658.185,304,0
1000,671.11,280,0
1000,657.811,276,0
1000,658.442,326,0
1000,662.426,304,0
1000,686.99,357,0
1000,670.916,324,0
1000,675.389,322,0
1000,672.643,322,0
1000,656.184,310,0
1000,667.063,332,0
1000,655.227,315,0
1000,661.502,277,0
1000,680.495,341,0
1000,668.477,327,0
1000,666.455,317,0
1000,679.074,353,0
1000,651.372,276,0
1000,656.031,307,0
1000,675.041,331,0
1000,661.382,296,0
1000,671.948,341,0
1000,669.902,337,0
1000,660.268,302,0
1000,648.29,283,0
1000,669.141,255,0
1000,661.848,281,0
1000,669.404,255,0
1000,639.44,188,0
1000,651.87,324,0
1000,656.02,311,0
1000,647.851,276,0
1000,660.503,317,0
1000,659.476,322,0
1000,663.13,305,0
1000,662.631,275,0
1000,655.631,306,0
1000,674.748,315,0
1000,659.023,325,0
1000,659.406,313,0
1000,672.067,322,0
1000,661.774,329,0
1000,665.437,324,0
1000,649.195,299,0
1000,663.355,319,0
1000,676.825,282,0
1000,673.749,337,0
1000,651.288,326,0
1000,664.491,316,0
1000,673.104,321,0
1000,665.604,313,0
1000,653.794,293,0
1000,669.435,313,0
1000,666.319,301,0
1000,655.531,294,0
1000,652.941,247,0
1000,687.011,339,0
1000,671.871,345,0
1000,658.643,330,0
1000,673.6,305,0
1000,661.536,283,0
1000,669.4,324,0
1000,653.896,332,0
1000,684.646,346,0
1000,664.304,292,0
1000,686.26,346,0
1000,663.785,304,0
1000,669.799,313,0
1000,671.616,310,0
1000,666.033,287,0
1000,660.153,314,0
1000,655.909,328,0
1000,670.919,304,0
1000,657.947,319,0
1000,682.962,336,0
1000,655.106,306,0
1000,663.062,321,0
1000,665.122,266,0
1000,664.778,249,0
1000,673.596,303,0
1000,682.786,345,0
1000,655.074,301,0
1000,680.202,359,0
1000,668.038,323,0
1000,672.398,316,0
1000,685.539,359,0
1000,668.906,304,0
1000,676.504,324,0
1000,651.627,276,0
1000,680.294,342,0
1000,691.813,344,0
1000,666.027,301,0
1000,661.203,269,0
1000,670.371,226,0
1000,671.539,338,0
1000,664.925,286,0
1000,649.581,256,0
1000,672.419,318,0
1000,673.966,320,0
1000,668.989,316,0
1000,663.916,322,0
1000,670.699,300,0
1000,662.114,287,0
1000,672.743,322,0
1000,672.127,321,0
1000,678.438,331,0
1000,667.883,313,0
1000,669.694,338,0
1000,677.633,333,0
1000,668.866,331,0
1000,668.535,306,0
1000,672.5,273,0
1000,676.422,304,0
1000,670.167,326,0
1000,660.378,283,0
1000,672.921,329,0
1000,682.323,343,0
1000,674.437,345,0
1000,664.465,312,0
1000,671.365,302,0
1000,674.868,329,0
1000,668.922,309,0
1000,652.369,277,0
1000,673.909,285,0
1000,657.575,226,0
1000,674.571,339,0
1000,654.004,302,0
1000,670.917,257,0
1000,647.461,280,0
1000,645.122,237,0
1000,677.133,237,0
1000,677.802,284,0
1000,680.339,282,0
1000,688.586,352,0
1000,672.758,296,0
1000,663.467,313,0
1000,654.921,306,0
1000,670.981,320,0
1000,691.463,342,0
1000,675.31,326,0
1000,689.314,308,0
1000,672.879,326,0
1000,685.211,343,0
1000,685.031,293,0
1000,669.915,318,0
1000,663.292,331,0
1000,677.9,315,0
1000,662.477,295,0
1000,658.08,235,0
1000,669.299,272,0
1000,687.893,326,0
1000,675.556,310,0
1000,683.464,305,0
1000,659.033,293,0
1000,668.791,327,0
1000,674.66,276,0
1000,675.682,222,0
1000,668.131,285,0
1000,679.915,329,0
1000,660.64,285,0
1000,671.51,323,0
1000,679.902,333,0
1000,669.402,299,0
1000,657.526,278,0
1000,669.513,249,0
1000,683.188,359,0
1000,654.676,299,0
1000,666.648,274,0
1000,671.043,292,0
1000,657.129,294,0
1000,658.844,274,0
1000,669.102,327,0
1000,670.48,337,0
1000,673.6,300,0
1000,670.281,269,0
1000,657.635,291,0
1000,688.403,294,0
1000,672.033,322,0
1000,668.309,326,0
1000,666.356,282,0
1000,667.474,302,0
1000,695.886,347,0
1000,665.574,289,0
1000,682.584,323,0
1000,669.28,304,0
1000,686.827,303,0
1000,677.836,289,0
1000,677.331,256,0
1000,674.911,330,0
1000,663.61,313,0
1000,688.639,338,0
1000,672.899,334,0
1000,706.332,333,0
1000,653.488,301,0
1000,685.119,340,0
1000,682.075,336,0
1000,684.922,337,0
1000,670.288,316,0
1000,671.499,345,0
1000,684.006,319,0
1000,653.121,284,0
1000,675.521,326,0
1000,677.71,338,0
1000,659.792,324,0
1000,653.255,323,0
1000,694.271,341,0
1000,679.631,309,0
1000,672.949,285,0
1000,648.365,247,0
1000,668.106,262,0
1000,656.277,311,0
1000,680.732,311,0
1000,683.493,340,0
1000,686.058,357,0
1000,664.918,320,0
1000,676.581,335,0
1000,661.678,294,0
1000,677.363,306,0
1000,658.955,309,0
1000,673.131,331,0
1000,657.489,311,0
1000,683.563,322,0
1000,685.841,332,0
1000,686.07,299,0
1000,682.428,305,0
1000,682.48,329,0
1000,664.597,336,0
1000,669.243,329,0
1000,659.257,302,0
1000,669.175,335,0
1000,675.958,338,0
1000,685.472,334,0
1000,677.098,335,0
1000,669.301,306,0
1000,657.095,313,0
1000,660.857,305,0
1000,665.749,280,0
1000,675.362,250,0
1000,666.828,316,0
1000,672.288,316,0
1000,641.389,314,0
1000,677.34,312,0
1000,687.093,361,0
1000,673.73,324,0
1000,682.518,357,0
1000,684.407,298,0
1000,680.781,315,0
1000,673.613,301,0
1000,668.295,273,0
1000,675.698,327,0
1000,685.616,354,0
1000,687.991,326,0
1000,679.448,332,0
1000,680.436,339,0
1000,670.245,333,0
1000,659.653,329,0
1000,692.693,355,0
1000,681.07,317,0
1000,662.499,290,0
1000,678.486,323,0
1000,670.077,311,0
1000,683.231,345,0
1000,670.61,339,0
1000,654.307,312,0
1000,668.382,283,0
1000,673.997,300,0
1000,675.461,325,0
1000,671.362,329,0
1000,678.048,334,0
1000,677.619,357,0
1000,659.738,318,0
1000,664.428,322,0
1000,665.296,291,0
1000,661.716,290,0
1000,687.908,346,0
1000,661.119,328,0
1000,669.641,334,0
1000,677.453,305,0
1000,662.825,300,0
1000,688.224,304,0
1000,667.122,351,0
1000,672.167,328,0
1000,666.87,328,0
1000,672.108,339,0
1000,660.348,322,0
1000,674.555,311,0
1000,668.067,313,0
1000,661.215,340,0
1000,678.298,333,0
1000,673.024,295,0
1000,664.675,323,0
1000,650.856,323,0
1000,666.031,324,0
1000,649.963,317,0
1000,665.335,281,0
1000,695.681,348,0
1000,665.499,343,0
1000,675.605,322,0
1000,671.379,280,0
1000,648.979,232,0
1000,667.334,251,0
1000,672.71,228,0
1000,664.056,223,0
1000,689.449,343,0
1000,690.379,360,0
1000,663.576,329,0
1000,671.634,313,0
1000,679.299,360,0
1000,672.808,330,0
1000,665.341,318,0
1000,679.05,338,0
1000,673.935,336,0
1000,686.16,329,0
1000,688.598,347,0
1000,678.672,325,0
1000,676.921,301,0
1000,683.368,372,0
1000,684.427,333,0
1000,665.33,346,0
1000,677.466,339,0
1000,649.211,286,0
1000,658.008,284,0
1000,677.005,265,0
1000,680.804,320,0
1000,681.286,319,0
1000,671.519,321,0
1000,671.977,288,0
1000,667.963,307,0
1000,665.867,258,0
1000,667.455,312,0
1000,676.207,328,0
1000,670.311,327,0
1000,668.564,311,0
1000,663.645,307,0
1000,676.437,293,0
1000,651.884,285,0
1000,676.791,309,0
1000,677.413,309,0
1000,673.251,311,0
1000,675.561,280,0
1000,652.857,312,0
1000,683.685,356,0
1000,662.311,301,0
1000,651.47,284,0
1000,667.608,331,0
1000,678.735,352,0
1000,681.028,342,0
1000,671.612,337,0
1000,674.32,336,0
1000,663.407,297,0
1000,683.348,355,0
1000,664.721,301,0
1000,672.325,343,0
1000,650.781,301,0
1000,662.467,277,0
1000,663.777,312,0
1000,663.233,291,0
1000,655.695,304,0
1000,681.999,345,0
1000,640.366,314,0
1000,677.375,337,0
1000,660.375,318,0
1000,667.689,287,0
1000,666.895,321,0
1000,651.576,276,0
1000,677.972,367,0
1000,666.758,326,0
1000,673.843,294,0
1000,686.128,328,0
1000,669.676,330,0
1000,679.023,316,0
1000,673.722,292,0
1000,666.829,326,0
1000,689.095,347,0
1000,667.272,303,0
1000,671.663,325,0
1000,684.574,355,0
1000,672.741,322,0
1000,677.701,347,0
1000,679.654,316,0
1000,689.614,288,0
1000,665.535,265,0
1000,665.799,266,0
1000,661.363,321,0
1000,651.136,309,0
1000,677.133,328,0
1000,668.005,291,0
1000,680.093,342,0
