POP_BEST,POP_AVG,QUALS_CNT,SOL_CNT
1,0.098,0,0
1,0.855,0,0
2,0.864,0,0
2,1.017,0,0
2,1.186,0,0
2,1.215,0,0
2,1.127,0,0
2,0.976,0,0
2,1.134,0,0
2,1.064,0,0
2,1.236,0,0
2,1.221,0,0
2,1.127,0,0
2,1.173,0,0
2,1.179,0,0
2,1.169,0,0
2,1.144,0,0
3,1.279,0,0
3,1.339,0,0
3,1.402,0,0
3,1.389,0,0
3,1.27,0,0
3,1.374,0,0
3,1.609,0,0
3,1.549,0,0
3,1.493,0,0
3,1.582,0,0
3,1.432,0,0
3,1.491,0,0
3,1.484,0,0
4,1.505,0,0
4,1.589,0,0
4,1.73,0,0
4,1.684,0,0
4,1.736,0,0
4,1.722,0,0
4,1.717,0,0
4,1.824,0,0
4,1.741,0,0
4,1.817,0,0
4,1.742,0,0
4,1.782,0,0
4,1.829,0,0
4,1.84,0,0
4,1.742,0,0
4,1.81,0,0
4,1.725,0,0
4,1.645,0,0
4,1.688,0,0
4,1.676,0,0
4,1.689,0,0
4,1.868,0,0
4,1.774,0,0
4,1.707,0,0
4,1.758,0,0
4,1.852,0,0
4,1.704,0,0
4,1.815,0,0
4,1.824,0,0
4,1.882,0,0
4,1.79,0,0
4,1.876,0,0
4,1.594,0,0
4,1.894,0,0
4,1.789,0,0
4,1.812,0,0
4,1.838,0,0
4,1.55,0,0
4,1.578,0,0
4,1.703,0,0
4,1.596,0,0
4,1.662,0,0
4,1.651,0,0
4,1.692,0,0
4,1.821,0,0
4,1.902,0,0
4,1.837,0,0
4,1.925,0,0
4,1.977,0,0
4,1.886,0,0
4,1.972,0,0
4,1.859,0,0
4,1.689,0,0
4,1.772,0,0
4,1.786,0,0
4,1.726,0,0
4,1.86,0,0
4,1.912,0,0
4,1.717,0,0
4,1.737,0,0
4,1.837,0,0
4,1.761,0,0
4,1.637,0,0
4,1.815,0,0
4,1.877,0,0
4,2.033,0,0
4,1.847,0,0
4,1.824,0,0
4,1.841,0,0
4,1.982,0,0
4,1.906,0,0
4,1.869,0,0
4,1.813,0,0
4,1.796,0,0
4,1.843,0,0
4,1.931,0,0
4,1.861,0,0
4,1.859,0,0
4,1.923,0,0
4,1.917,0,0
4,1.893,0,0
4,1.79,0,0
4,1.74,0,0
4,1.825,0,0
4,1.892,0,0
4,1.835,0,0
4,1.825,0,0
4,1.827,0,0
4,1.679,0,0
4,1.871,0,0
4,1.793,0,0
4,1.679,0,0
4,1.616,0,0
4,1.663,0,0
4,1.718,0,0
4,1.664,0,0
4,1.752,0,0
4,1.747,0,0
4,1.737,0,0
4,1.934,0,0
4,1.75,0,0
4,1.868,0,0
4,1.906,0,0
4,1.899,0,0
4,1.841,0,0
4,1.841,0,0
4,1.776,0,0
4,1.832,0,0
4,1.838,0,0
4,1.769,0,0
4,1.822,0,0
4,1.713,0,0
4,1.784,0,0
4,1.831,0,0
4,1.765,0,0
4,1.661,0,0
4,1.916,0,0
4,1.764,0,0
4,1.736,0,0
4,1.723,0,0
4,1.688,0,0
4,1.863,0,0
4,1.727,0,0
4,1.858,0,0
4,1.872,0,0
4,1.81,0,0
4,1.929,0,0
4,1.901,0,0
4,1.821,0,0
4,1.872,0,0
4,1.786,0,0
4,1.723,0,0
4,1.803,0,0
4,1.804,0,0
4,1.82,0,0
4,1.832,0,0
4,1.942,0,0
4,1.776,0,0
4,1.734,0,0
4,1.748,0,0
4,1.759,0,0
4,1.886,0,0
4,1.87,0,0
4,1.727,0,0
4,1.798,0,0
4,1.891,0,0
4,1.779,0,0
4,1.827,0,0
4,1.725,0,0
4,1.91,0,0
4,1.857,0,0
4,1.864,0,0
4,1.841,0,0
4,1.809,0,0
4,1.953,0,0
4,1.86,0,0
4,1.802,0,0
4,1.871,0,0
4,1.717,0,0
4,1.857,0,0
4,1.815,0,0
4,1.93,0,0
4,1.852,0,0
4,1.762,0,0
4,1.866,0,0
4,1.762,0,0
4,1.861,0,0
4,1.898,0,0
4,1.955,0,0
4,1.842,0,0
4,1.856,0,0
4,1.81,0,0
4,1.879,0,0
4,1.837,0,0
4,1.929,0,0
4,1.931,0,0
4,1.948,0,0
4,1.796,0,0
4,1.759,0,0
4,1.831,0,0
4,1.891,0,0
4,1.88,0,0
4,1.761,0,0
4,1.86,0,0
4,1.851,0,0
4,1.812,0,0
4,1.817,0,0
4,1.703,0,0
4,1.854,0,0
4,1.839,0,0
4,1.901,0,0
4,1.807,0,0
4,1.846,0,0
4,1.943,0,0
4,1.919,0,0
4,1.716,0,0
4,1.892,0,0
4,1.76,0,0
4,1.811,0,0
4,1.88,0,0
4,1.835,0,0
4,1.897,0,0
4,1.829,0,0
4,1.921,0,0
4,1.888,0,0
4,1.769,0,0
4,1.866,0,0
4,1.913,0,0
4,1.923,0,0
4,1.841,0,0
4,1.884,0,0
4,1.98,0,0
4,1.991,0,0
4,2.007,0,0
4,1.938,0,0
4,2.031,0,0
4,2.059,0,0
4,1.981,0,0
4,1.856,0,0
4,1.974,0,0
4,1.966,0,0
4,2.027,0,0
4,2.013,0,0
4,1.816,0,0
4,1.882,0,0
4,1.946,0,0
4,1.848,0,0
4,2.06,0,0
4,1.934,0,0
4,1.948,0,0
4,1.868,0,0
4,1.849,0,0
4,1.882,0,0
4,1.881,0,0
4,1.841,0,0
4,1.935,0,0
4,1.882,0,0
4,1.902,0,0
4,1.953,0,0
4,1.944,0,0
4,1.864,0,0
4,1.929,0,0
4,1.89,0,0
4,1.955,0,0
4,1.952,0,0
4,1.894,0,0
4,1.859,0,0
4,1.902,0,0
4,1.917,0,0
4,1.958,0,0
4,2.023,0,0
4,1.876,0,0
4,1.978,0,0
4,1.93,0,0
4,1.876,0,0
4,1.878,0,0
4,1.888,0,0
4,1.928,0,0
4,1.937,0,0
4,1.95,0,0
4,1.936,0,0
4,1.912,0,0
4,2.003,0,0
4,1.967,0,0
4,1.979,0,0
4,1.953,0,0
4,1.875,0,0
4,1.906,0,0
4,1.929,0,0
4,1.887,0,0
4,1.959,0,0
4,1.947,0,0
4,1.915,0,0
4,1.993,0,0
4,1.937,0,0
4,1.783,0,0
4,1.872,0,0
4,1.89,0,0
5,2.051,0,0
5,1.935,0,0
5,2.054,0,0
5,2.031,0,0
5,2.131,0,0
5,2.216,0,0
5,2.134,0,0
5,2.123,0,0
5,2.2,0,0
5,2.108,0,0
5,2.066,0,0
5,2.041,0,0
5,2.128,0,0
5,2.174,0,0
5,2.131,0,0
5,2.129,0,0
5,2.079,0,0
5,2.026,0,0
5,2.115,0,0
5,2.023,0,0
5,2.056,0,0
5,2.239,0,0
5,1.863,0,0
5,1.959,0,0
5,2.098,0,0
5,2.03,0,0
5,2.078,0,0
5,2.038,0,0
5,2.026,0,0
5,2.135,0,0
5,2.027,0,0
5,1.893,0,0
5,1.76,0,0
5,1.903,0,0
5,1.94,0,0
5,1.948,0,0
5,1.932,0,0
5,2.069,0,0
5,2.093,0,0
5,2.003,0,0
5,1.837,0,0
5,1.931,0,0
5,2.02,0,0
5,1.776,0,0
5,1.79,0,0
5,1.65,0,0
5,1.748,0,0
5,1.582,0,0
5,1.729,0,0
5,1.576,0,0
5,1.78,0,0
5,1.594,0,0
5,1.531,0,0
5,1.562,0,0
5,1.365,0,0
5,1.404,0,0
5,1.335,0,0
5,1.17,0,0
5,1.197,0,0
5,1.167,0,0
5,1.082,0,0
5,1.221,0,0
5,1.04,0,0
5,1.168,0,0
5,0.985,0,0
5,1.119,0,0
5,1.099,0,0
5,1.171,0,0
5,1.116,0,0
5,1.115,0,0
5,1.1,0,0
5,1.009,0,0
5,1.068,0,0
5,1.048,0,0
5,1.078,0,0
5,1.017,0,0
5,1.061,0,0
5,1.131,0,0
5,1.18,0,0
5,1.13,0,0
5,1.044,0,0
5,1.236,0,0
5,1.112,0,0
5,1.146,0,0
5,1.06,0,0
5,1.047,0,0
5,1.191,0,0
5,1.142,0,0
5,1.164,0,0
5,1.107,0,0
5,1.093,0,0
5,1.114,0,0
5,1.114,0,0
5,1.094,0,0
5,1.219,0,0
5,1.18,0,0
5,1.142,0,0
5,1.181,0,0
5,1.059,0,0
5,1.158,0,0
5,1.074,0,0
5,1.133,0,0
5,1.145,0,0
5,1.167,0,0
5,1.056,0,0
5,1.033,0,0
5,1.035,0,0
5,1.076,0,0
5,1.049,0,0
5,1.154,0,0
5,1.098,0,0
5,1.088,0,0
5,1.043,0,0
5,1.033,0,0
5,0.989,0,0
5,1,0,0
5,1.042,0,0
5,0.993,0,0
5,1.034,0,0
5,1.027,0,0
5,1.01,0,0
5,1.002,0,0
5,1,0,0
5,1.092,0,0
5,1.06,0,0
5,1.039,0,0
5,1.078,0,0
5,0.982,0,0
5,1.03,0,0
5,1.079,0,0
5,1.039,0,0
5,1.017,0,0
5,0.995,0,0
5,1.027,0,0
5,0.962,0,0
5,1.009,0,0
5,1.066,0,0
5,1.055,0,0
5,1.002,0,0
5,1.005,0,0
5,1.164,0,0
5,1.069,0,0
5,1.219,0,0
5,1.083,0,0
5,1.027,0,0
5,1.081,0,0
5,1.107,0,0
5,1.174,0,0
5,1.169,0,0
5,1.128,0,0
5,1.189,0,0
5,1.138,0,0
5,1.16,0,0
5,1.183,0,0
5,1.279,0,0
5,1.117,0,0
5,1.154,0,0
5,1.148,0,0
5,1.166,0,0
5,1.151,0,0
5,1.139,0,0
5,1.196,0,0
5,1.195,0,0
5,1.205,0,0
5,1.22,0,0
5,1.209,0,0
8,1.244,0,0
8,1.253,0,0
8,1.451,0,0
8,1.373,0,0
8,1.431,0,0
8,1.351,0,0
8,1.393,0,0
8,1.455,0,0
8,1.568,0,0
9,1.468,0,0
9,1.373,0,0
9,1.646,0,0
9,1.517,0,0
9,1.62,0,0
9,1.491,0,0
9,1.814,0,0
9,1.588,0,0
9,1.843,0,0
9,1.836,0,0
9,1.903,0,0
9,1.708,0,0
9,1.667,0,0
9,1.888,0,0
9,1.735,0,0
9,1.892,0,0
9,1.953,0,0
9,1.947,0,0
9,2.011,0,0
9,2.026,0,0
9,1.873,0,0
9,2.028,0,0
9,1.999,0,0
9,2.203,0,0
9,2.217,0,0
9,2.264,0,0
9,2.166,0,0
9,2.185,0,0
9,2.335,0,0
11,2.385,0,0
11,2.377,0,0
13,2.442,0,0
13,2.532,0,0
13,2.48,0,0
13,2.807,0,0
14,2.679,0,0
14,2.567,0,0
14,2.431,0,0
15,2.633,0,0
15,2.624,0,0
15,2.754,0,0
15,2.733,0,0
15,2.822,0,0
15,2.783,0,0
15,2.759,0,0
15,2.499,0,0
15,2.906,0,0
15,2.945,0,0
15,2.911,0,0
15,2.836,0,0
15,2.902,0,0
15,2.876,0,0
15,3.133,0,0
15,2.813,0,0
15,3.096,0,0
15,3.317,0,0
15,3.318,0,0
15,3.034,0,0
15,3.029,0,0
15,3.027,0,0
15,3.167,0,0
15,3.23,0,0
15,3.294,0,0
15,3.219,0,0
15,3.239,0,0
15,3.168,0,0
15,3.26,0,0
15,3.257,0,0
15,3.454,0,0
15,3.335,0,0
15,3.456,0,0
15,3.835,0,0
15,3.438,0,0
15,3.591,0,0
15,3.506,0,0
15,3.69,0,0
15,3.564,0,0
15,3.472,0,0
15,3.649,0,0
15,3.674,0,0
15,3.468,0,0
15,3.404,0,0
15,3.496,0,0
15,3.485,0,0
15,3.898,0,0
15,3.476,0,0
15,3.485,0,0
15,3.692,0,0
15,3.692,0,0
15,3.639,0,0
15,4.157,0,0
15,3.762,0,0
15,4.043,0,0
15,3.87,0,0
15,3.899,0,0
15,4.048,0,0
16,3.493,0,0
16,3.701,0,0
16,3.785,0,0
16,3.812,0,0
16,4.244,0,0
16,3.996,0,0
16,3.968,0,0
16,3.72,0,0
16,3.895,0,0
16,3.605,0,0
16,3.6,0,0
16,3.971,0,0
16,3.869,0,0
16,3.852,0,0
16,4.046,0,0
16,3.824,0,0
16,3.819,0,0
16,3.848,0,0
16,3.702,0,0
16,3.741,0,0
17,3.696,0,0
17,4.025,0,0
17,3.741,0,0
17,4.122,0,0
17,4.167,0,0
17,3.983,0,0
17,4.223,0,0
17,4.306,0,0
17,3.913,0,0
17,3.856,0,0
17,4.034,0,0
17,3.487,0,0
17,3.824,0,0
17,3.965,0,0
17,4.135,0,0
17,4.192,0,0
17,4.053,0,0
17,3.975,0,0
17,4.385,0,0
17,4.275,0,0
17,4.468,0,0
17,4.029,0,0
17,3.947,0,0
17,4.206,0,0
17,3.864,0,0
18,3.818,0,0
18,4.152,0,0
18,4.027,0,0
18,3.79,0,0
18,3.975,0,0
18,4.426,0,0
18,4.294,0,0
18,4.248,0,0
18,4.087,0,0
18,4.055,0,0
18,4.283,0,0
18,4.068,0,0
18,4.539,0,0
18,4.427,0,0
20,4.27,0,0
20,4.015,0,0
20,4.135,0,0
20,4.787,0,0
20,4.122,0,0
20,4.522,0,0
20,4.46,0,0
20,4.446,0,0
20,4.336,0,0
20,4.328,0,0
20,4.389,0,0
20,4.853,0,0
20,4.59,0,0
20,4.367,0,0
20,4.347,0,0
21,4.481,0,0
21,4.87,0,0
21,4.505,0,0
21,4.321,0,0
22,4.939,0,0
22,4.735,0,0
22,4.778,0,0
22,4.748,0,0
22,5.098,0,0
22,4.822,0,0
22,4.607,0,0
22,4.54,0,0
22,4.807,0,0
22,4.753,0,0
22,4.475,0,0
22,4.906,0,0
22,4.79,0,0
22,4.453,0,0
22,4.655,0,0
22,4.664,0,0
22,4.515,0,0
22,5.086,0,0
22,4.762,0,0
22,4.535,0,0
22,4.739,0,0
22,4.518,0,0
22,5.027,0,0
23,4.873,0,0
23,4.685,0,0
23,4.744,0,0
23,4.082,0,0
23,4.574,0,0
23,4.719,0,0
23,4.386,0,0
23,5.012,0,0
23,4.763,0,0
23,4.854,0,0
23,5.104,0,0
23,4.868,0,0
23,4.7,0,0
23,4.638,0,0
23,4.637,0,0
23,4.25,0,0
23,4.755,0,0
23,5.054,0,0
23,4.793,0,0
23,4.538,0,0
23,4.785,0,0
23,4.919,0,0
23,4.722,0,0
23,4.935,0,0
23,4.686,0,0
23,4.316,0,0
23,5.021,0,0
23,5.337,0,0
23,4.997,0,0
23,4.733,0,0
23,4.966,0,0
23,4.977,0,0
23,4.727,0,0
23,4.997,0,0
23,4.63,0,0
23,4.552,0,0
23,4.609,0,0
23,4.526,0,0
23,5.043,0,0
23,4.692,0,0
23,4.825,0,0
23,4.659,0,0
23,4.882,0,0
23,4.95,0,0
23,4.846,0,0
23,4.296,0,0
23,4.416,0,0
24,4.86,0,0
24,4.932,0,0
24,4.706,0,0
24,5.032,0,0
25,5.516,0,0
25,4.987,0,0
25,4.947,0,0
25,4.678,0,0
25,5.106,0,0
25,4.731,0,0
25,5.161,0,0
25,4.509,0,0
25,5.292,0,0
25,5.093,0,0
25,4.839,0,0
25,5.19,0,0
25,5.209,0,0
25,5.763,0,0
26,5.039,0,0
26,4.967,0,0
26,5.215,0,0
26,5.032,0,0
26,4.77,0,0
26,5.275,0,0
26,4.905,0,0
26,5.441,0,0
26,4.786,0,0
26,5.074,0,0
26,4.989,0,0
26,4.625,0,0
26,4.637,0,0
26,5.022,0,0
26,5.252,0,0
26,4.94,0,0
26,5.332,0,0
26,5.469,0,0
26,5.084,0,0
26,5.161,0,0
26,4.773,0,0
26,4.849,0,0
26,5.184,0,0
26,4.996,0,0
26,4.947,0,0
26,5.146,0,0
26,5.165,0,0
26,5.179,0,0
26,5.201,0,0
26,5.192,0,0
26,5.847,0,0
26,5.134,0,0
26,5.264,0,0
26,4.766,0,0
26,4.893,0,0
26,4.853,0,0
26,5.178,0,0
26,5.273,0,0
26,5.155,0,0
26,5.237,0,0
26,5.664,0,0
26,5.69,0,0
26,5.17,0,0
26,5.193,0,0
26,4.555,0,0
26,5.462,0,0
26,5.071,0,0
26,4.811,0,0
26,5.606,0,0
26,5.429,0,0
26,5.561,0,0
26,5.236,0,0
26,5.298,0,0
26,4.927,0,0
26,5.726,0,0
26,5.284,0,0
26,4.817,0,0
26,5.504,0,0
26,5.496,0,0
26,5.354,0,0
26,5.04,0,0
26,5.497,0,0
26,5.406,0,0
26,5.419,0,0
26,5.719,0,0
26,4.919,0,0
26,4.928,0,0
26,5.327,0,0
26,5.924,0,0
26,5.395,0,0
26,5.51,0,0
26,5.55,0,0
26,5.172,0,0
26,5.426,0,0
26,5.236,0,0
26,5.478,0,0
26,5.366,0,0
26,5.31,0,0
26,5.404,0,0
26,5.361,0,0
26,5.301,0,0
26,5.117,0,0
26,5.58,0,0
26,5.251,0,0
26,5.276,0,0
26,5.356,0,0
26,4.885,0,0
26,5.367,0,0
26,5.676,0,0
26,5.523,0,0
26,5.278,0,0
26,5.38,0,0
26,5.325,0,0
26,5.448,0,0
26,5.437,0,0
26,5.442,0,0
26,5.482,0,0
26,5.035,0,0
26,5.596,0,0
26,5.068,0,0
26,5.616,0,0
26,5.313,0,0
26,5.253,0,0
26,5.633,0,0
26,5.273,0,0
26,5.4,0,0
26,4.991,0,0
26,5.42,0,0
26,5.747,0,0
26,5.545,0,0
26,5.512,0,0
26,5.715,0,0
26,5.395,0,0
26,5.352,0,0
26,5.606,0,0
26,5.306,0,0
26,5.331,0,0
26,5.432,0,0
26,5.67,0,0
26,4.842,0,0
26,5.391,0,0
26,5.315,0,0
26,5.62,0,0
26,5.143,0,0
26,6.001,0,0
26,4.962,0,0
26,5.292,0,0
26,5.409,0,0
26,5.081,0,0
26,5.782,0,0
26,5.14,0,0
26,5.949,0,0
26,4.944,0,0
26,5.515,0,0
26,5.571,0,0
26,5.121,0,0
26,5.45,0,0
26,5.801,0,0
26,5.279,0,0
26,5.38,0,0
26,5.32,0,0
26,5.787,0,0
26,5.063,0,0
26,5.837,0,0
26,5.285,0,0
26,5.667,0,0
26,5.548,0,0
26,5.478,0,0
26,5.52,0,0
26,5.206,0,0
26,5.304,0,0
26,5.877,0,0
26,5.868,0,0
26,5.366,0,0
26,5.63,0,0
26,4.985,0,0
26,5.248,0,0
26,5.273,0,0
26,5.566,0,0
26,5.641,0,0
26,5.432,0,0
26,5.938,0,0
26,5.384,0,0
26,5.467,0,0
26,5.011,0,0
26,5.295,0,0
26,5.795,0,0
26,5.692,0,0
26,5.235,0,0
26,5.179,0,0
26,5.814,0,0
26,5.94,0,0
26,5.718,0,0
26,5.959,0,0
26,5.996,0,0
26,5.847,0,0
26,5.911,0,0
26,5.314,0,0
26,5.797,0,0
26,4.797,0,0
26,5.762,0,0
26,5.662,0,0
26,6.114,0,0
26,5.889,0,0
26,5.803,0,0
26,6.192,0,0
26,5.781,0,0
26,5.898,0,0
26,5.384,0,0
26,5.941,0,0
26,5.865,0,0
26,6.303,0,0
26,6.35,0,0
26,5.619,0,0
26,5.466,0,0
26,6.085,0,0
26,5.76,0,0
26,6.471,0,0
26,6.175,0,0
26,5.583,0,0
26,5.28,0,0
26,6.485,0,0
26,5.713,0,0
26,5.77,0,0
26,6.093,0,0
26,6.219,0,0
26,5.834,0,0
26,5.639,0,0
26,5.903,0,0
26,5.792,0,0
26,5.948,0,0
26,5.929,0,0
26,5.79,0,0
26,6.123,0,0
26,6.251,0,0
26,5.492,0,0
26,5.884,0,0
26,5.509,0,0
26,5.558,0,0
26,5.43,0,0
26,5.222,0,0
26,5.139,0,0
26,5.735,0,0
26,5.794,0,0
26,5.814,0,0
26,6.156,0,0
26,5.989,0,0
26,5.668,0,0
26,5.819,0,0
26,5.194,0,0
26,5.184,0,0
26,5.706,0,0
26,5.485,0,0
26,5.45,0,0
26,5.445,0,0
26,5.714,0,0
26,6.248,0,0
26,6.285,0,0
26,5.979,0,0
26,5.584,0,0
26,5.682,0,0
26,5.931,0,0
26,6.148,0,0
26,5.591,0,0
26,5.989,0,0
26,5.696,0,0
26,5.678,0,0
26,6.74,0,0
26,5.656,0,0
26,6.132,0,0
26,6.003,0,0
26,6.583,0,0
26,5.888,0,0
26,5.993,0,0
26,5.859,0,0
26,5.916,0,0
26,6.357,0,0
26,6.108,0,0
26,5.642,0,0
26,5.617,0,0
26,6.073,0,0
26,5.884,0,0
26,5.601,0,0
26,6.238,0,0
26,6.321,0,0
26,5.591,0,0
26,5.959,0,0
26,6.289,0,0
26,6.264,0,0
26,6.18,0,0
26,6.275,0,0
26,6.38,0,0
26,5.858,0,0
26,5.639,0,0
26,6.072,0,0
26,5.916,0,0
26,5.858,0,0
26,6.111,0,0
26,5.925,0,0
26,5.961,0,0
26,6.378,0,0
26,5.81,0,0
26,5.809,0,0
26,5.991,0,0
26,5.594,0,0
26,6.225,0,0
26,5.528,0,0
26,6.233,0,0
26,6.45,0,0
26,6.902,0,0
26,6.537,0,0
26,5.596,0,0
26,6.031,0,0
26,6.513,0,0
26,6.27,0,0
26,6.548,0,0
26,6.112,0,0
26,6.283,0,0
26,6.04,0,0
26,5.984,0,0
27,6.512,0,0
28,6.561,0,0
28,7.215,0,0
28,6.359,0,0
28,6.919,0,0
29,7.044,0,0
29,7.376,0,0
29,6.981,0,0
29,6.725,0,0
29,7.357,0,0
31,7.041,0,0
31,6.941,0,0
31,7.647,0,0
31,6.876,0,0
31,7.144,0,0
31,7.496,0,0
31,7.274,0,0
31,7.196,0,0
31,7.314,0,0
31,7.549,0,0
31,6.75,0,0
31,7.171,0,0
31,6.591,0,0
31,6.707,0,0
31,6.642,0,0
31,7.757,0,0
31,6.751,0,0
31,7.2,0,0
31,6.917,0,0
31,6.974,0,0
31,7.061,0,0
31,8.112,0,0
31,6.995,0,0
31,6.893,0,0
31,7.202,0,0
31,7.18,0,0
31,8.013,0,0
31,7.309,0,0
31,7.392,0,0
31,7.559,0,0
31,7.561,0,0
31,6.92,0,0
31,7.474,0,0
31,7.499,0,0
31,7.258,0,0
31,7.026,0,0
31,7.285,0,0
31,6.574,0,0
31,7.965,0,0
31,7.758,0,0
31,7.903,0,0
31,7.653,0,0
31,7.509,0,0
31,7.722,0,0
31,7.718,0,0
31,7.519,0,0
31,7.319,0,0
31,7.994,0,0
31,7.751,0,0
31,7.255,0,0
31,8.144,0,0
31,7.956,0,0
31,7.35,0,0
31,8.023,0,0
31,8.576,0,0
31,8.014,0,0
31,7.435,0,0
31,7.446,0,0
31,8.041,0,0
31,7.824,0,0
31,8.418,0,0
31,7.713,0,0
31,8.256,0,0
31,8.029,0,0
31,8.036,0,0
31,8.299,0,0
31,8.139,0,0
31,7.95,0,0
31,7.917,0,0
31,7.862,0,0
31,7.911,0,0
31,7.987,0,0
31,7.508,0,0
31,8.726,0,0
31,8.115,0,0
31,8.694,0,0
31,8.848,0,0
31,8.496,0,0
31,8.868,0,0
31,8.459,0,0
31,8.713,0,0
31,8.705,0,0
31,8.405,0,0
31,9.061,0,0
31,9.166,0,0
31,8.761,0,0
31,8.973,0,0
31,8.771,0,0
31,8.778,0,0
31,9.738,0,0
31,9.127,0,0
31,8.595,0,0
31,9.218,0,0
31,9.66,0,0
31,8.882,0,0
31,9.182,0,0
31,9.256,0,0
31,8.734,0,0
32,9.047,0,0
32,8.59,0,0
32,8.518,0,0
32,9.326,0,0
32,9.51,0,0
32,9.206,0,0
32,9.244,0,0
32,8.964,0,0
32,8.516,0,0
32,9.56,0,0
32,8.958,0,0
32,8.986,0,0
32,9.159,0,0
32,9.729,0,0
32,8.889,0,0
32,8.732,0,0
32,9.284,0,0
32,8.862,0,0
32,9.011,0,0
32,8.868,0,0
32,9.893,0,0
32,9.64,0,0
32,9.165,0,0
32,8.998,0,0
32,9.336,0,0
32,8.982,0,0
32,9.292,0,0
32,9.219,0,0
32,9.172,0,0
32,9.17,0,0
32,9.177,0,0
32,9.935,0,0
32,8.822,0,0
32,9.263,0,0
32,9.273,0,0
32,10.124,0,0
32,9.571,0,0
32,9.41,0,0
32,9.491,0,0
32,9.305,0,0
32,9.699,0,0
32,9.002,0,0
32,8.435,0,0
32,9.87,0,0
32,9.072,0,0
32,9.531,0,0
32,9.685,0,0
32,9.295,0,0
32,8.962,0,0
32,9,0,0
32,9.362,0,0
32,9.991,0,0
32,8.558,0,0
32,9.225,0,0
32,9.411,0,0
32,9.24,0,0
32,10.545,0,0
32,10.03,0,0
32,9.226,0,0
32,10.068,0,0
32,10.315,0,0
32,9.312,0,0
32,9.78,0,0
32,9.717,0,0
32,9.565,0,0
32,9.735,0,0
32,9.864,0,0
32,9.632,0,0
32,10.19,0,0
32,9.483,0,0
32,9.236,0,0
32,9.694,0,0
32,9.961,0,0
32,9.918,0,0
32,10.453,0,0
32,10.414,0,0
32,10.018,0,0
32,10.601,0,0
32,10.12,0,0
32,10.288,0,0
32,11.04,0,0
32,11.38,0,0
32,10.405,0,0
32,11.489,0,0
32,11.956,0,0
32,11.21,0,0
32,11.418,0,0
32,12.149,0,0
32,12.436,0,0
32,11.942,0,0
32,12.395,0,0
32,12.039,0,0
32,12.048,0,0
32,11.463,0,0
32,12.065,0,0
32,12.647,0,0
32,12.453,0,0
32,12.325,0,0
32,12.004,0,0
32,12.004,0,0
32,13.05,0,0
32,12.771,0,0
32,12.599,0,0
32,12.82,0,0
32,12.653,0,0
32,12.716,0,0
32,11.794,0,0
32,11.835,0,0
32,11.575,0,0
32,11.917,0,0
32,12.219,0,0
32,11.615,0,0
32,11.338,0,0
32,11.689,0,0
32,12.912,0,0
32,11.809,0,0
32,12.381,0,0
33,11.727,0,0
33,11.712,0,0
33,12.558,0,0
33,12.32,0,0
33,12.033,0,0
33,12.637,0,0
33,12.56,0,0
33,12.323,0,0
33,13.336,0,0
33,12.499,0,0
33,13.226,0,0
33,13.35,0,0
33,12.607,0,0
36,12.65,0,0
36,12.725,0,0
36,12.971,0,0
36,13.383,0,0
37,12.971,0,0
37,13.17,0,0
37,12.902,0,0
37,12.964,0,0
37,13.337,0,0
37,13.69,0,0
37,13.296,0,0
37,13.487,0,0
37,12.926,0,0
37,12.896,0,0
37,13.59,0,0
37,13.604,0,0
37,13.355,0,0
37,13.91,0,0
37,13.375,0,0
37,13.266,0,0
37,12.539,0,0
37,13.155,0,0
37,14.106,0,0
37,13.902,0,0
37,12.245,0,0
37,12.834,0,0
37,13.241,0,0
37,13.48,0,0
37,13.173,0,0
37,13.399,0,0
37,12.434,0,0
37,13.086,0,0
37,13.595,0,0
37,12.744,0,0
37,14.003,0,0
37,13.537,0,0
37,12.792,0,0
37,14.159,0,0
37,14.202,0,0
37,13.609,0,0
37,13.757,0,0
37,13.429,0,0
37,13.592,0,0
37,14.292,0,0
37,13.079,0,0
37,14.181,0,0
37,13.344,0,0
37,12.533,0,0
37,13.36,0,0
37,13.409,0,0
37,13.327,0,0
37,13.463,0,0
37,12.528,0,0
37,12.606,0,0
37,13.683,0,0
37,13.278,0,0
37,13.344,0,0
37,13.984,0,0
37,14.673,0,0
37,12.641,0,0
37,13.194,0,0
37,12.794,0,0
37,13.294,0,0
37,12.57,0,0
37,13.561,0,0
39,13.597,0,0
39,13.152,0,0
39,13.421,0,0
39,14.355,0,0
39,13.682,0,0
39,13.451,0,0
39,12.651,0,0
39,13.292,0,0
39,13.524,0,0
39,13.738,0,0
39,14.027,0,0
39,12.96,0,0
39,13.448,0,0
39,13.762,0,0
39,12.874,0,0
39,13.536,0,0
39,13.524,0,0
39,13.276,0,0
39,13.801,0,0
39,13.713,0,0
39,13.104,0,0
39,14.297,0,0
39,13.984,0,0
39,14.154,0,0
39,14.263,0,0
39,12.601,0,0
39,13.458,0,0
39,13.481,0,0
39,13.801,0,0
39,13.493,0,0
39,14.399,0,0
39,13.936,0,0
39,13.97,0,0
39,14.362,0,0
39,12.931,0,0
39,13.57,0,0
39,13.543,0,0
39,14.882,0,0
39,14.265,0,0
39,14.466,0,0
39,13.287,0,0
39,14.787,0,0
39,14.239,0,0
39,14.217,0,0
39,13.856,0,0
39,13.801,0,0
39,14.503,0,0
39,13.917,0,0
39,13.951,0,0
39,14.125,0,0
39,14.908,0,0
39,13.926,0,0
39,13.447,0,0
39,13.209,0,0
39,14.147,0,0
39,13.456,0,0
39,13.938,0,0
39,13.457,0,0
39,13.697,0,0
39,13.406,0,0
39,14.434,0,0
39,14.306,0,0
39,13.916,0,0
39,13.147,0,0
39,14.204,0,0
39,14.152,0,0
39,13.403,0,0
39,13.335,0,0
39,13.852,0,0
39,14.026,0,0
39,13.771,0,0
39,14.66,0,0
39,14.001,0,0
39,14.497,0,0
39,14.064,0,0
39,13.79,0,0
39,13.266,0,0
39,14.467,0,0
39,14.914,0,0
39,13.749,0,0
39,13.872,0,0
39,13.709,0,0
39,13.316,0,0
39,13.685,0,0
39,13.734,0,0
39,13.388,0,0
39,13.712,0,0
39,13.27,0,0
39,14.913,0,0
39,13.694,0,0
39,14.038,0,0
39,13.661,0,0
39,14.048,0,0
39,14.063,0,0
39,14.896,0,0
39,14.196,0,0
39,12.724,0,0
39,14.46,0,0
39,14.504,0,0
39,13.514,0,0
39,14.527,0,0
39,14.242,0,0
39,13.623,0,0
39,14.205,0,0
39,14.821,0,0
39,12.987,0,0
39,13.853,0,0
39,14.693,0,0
39,15.045,0,0
39,14.587,0,0
39,14.096,0,0
39,14.068,0,0
39,14.405,0,0
39,13.666,0,0
39,14.062,0,0
39,14.12,0,0
39,14.35,0,0
39,13.116,0,0
39,13.018,0,0
39,13.382,0,0
39,14.097,0,0
39,13.509,0,0
39,13.885,0,0
39,14.683,0,0
39,14.512,0,0
39,13.864,0,0
40,13.911,0,0
40,13.539,0,0
40,15.074,0,0
40,14.309,0,0
40,14.409,0,0
40,13.402,0,0
40,13.69,0,0
40,15.325,0,0
40,14.574,0,0
40,14.471,0,0
40,13.495,0,0
40,14.985,0,0
40,14.434,0,0
41,14.437,0,0
41,14.707,0,0
41,14.949,0,0
41,14.699,0,0
41,13.906,0,0
41,15.395,0,0
41,15.086,0,0
41,14.546,0,0
41,15.019,0,0
41,14.258,0,0
41,14.191,0,0
41,14.721,0,0
41,14.181,0,0
41,16.202,0,0
41,15.417,0,0
41,15.459,0,0
41,14.989,0,0
41,14.354,0,0
41,14.568,0,0
41,14.327,0,0
41,13.929,0,0
41,15.069,0,0
41,14.534,0,0
41,15.02,0,0
42,14.771,0,0
42,14.237,0,0
42,14.612,0,0
42,14.173,0,0
42,14.012,0,0
42,14.616,0,0
42,14.806,0,0
42,15.174,0,0
42,15.246,0,0
42,14.157,0,0
42,15.238,0,0
42,14.856,0,0
42,15.224,0,0
42,15.036,0,0
42,13.733,0,0
42,15.304,0,0
42,14.655,0,0
42,14.391,0,0
42,14.806,0,0
42,14.348,0,0
42,14.152,0,0
42,14.739,0,0
42,14.977,0,0
42,13.703,0,0
42,14.989,0,0
42,13.935,0,0
42,14.362,0,0
42,14.97,0,0
42,14.673,0,0
42,14.591,0,0
42,14.482,0,0
42,15.301,0,0
42,14.36,0,0
42,14.645,0,0
42,13.65,0,0
42,14.499,0,0
42,14.404,0,0
42,14.059,0,0
42,14.35,0,0
42,13.938,0,0
42,15.17,0,0
42,14.953,0,0
42,14.802,0,0
42,14.595,0,0
42,14.861,0,0
42,15.007,0,0
42,14.152,0,0
42,14.238,0,0
42,13.901,0,0
42,15.118,0,0
42,14.747,0,0
42,14.106,0,0
42,14.349,0,0
42,14.885,0,0
42,14.652,0,0
42,14.847,0,0
42,13.493,0,0
42,14.363,0,0
42,13.699,0,0
42,14.807,0,0
42,14.318,0,0
42,14.287,0,0
42,13.585,0,0
42,14.372,0,0
42,14.644,0,0
42,14.302,0,0
42,14.451,0,0
42,15.72,0,0
42,13.61,0,0
42,13.728,0,0
42,14.328,0,0
42,14.236,0,0
42,14.058,0,0
42,14.764,0,0
42,14.325,0,0
42,14.465,0,0
42,14.579,0,0
42,15.075,0,0
42,14.649,0,0
42,14.183,0,0
42,14.399,0,0
42,15.891,0,0
42,13.955,0,0
42,14.807,0,0
42,14.521,0,0
42,14.689,0,0
42,15.439,0,0
42,15.86,0,0
42,14.726,0,0
42,14.725,0,0
42,14.606,0,0
42,14.401,0,0
42,14.11,0,0
42,14.834,0,0
42,15.683,0,0
42,15.179,0,0
42,14.024,0,0
42,14.254,0,0
42,15.26,0,0
42,13.939,0,0
42,14.748,0,0
42,14.66,0,0
42,14.505,0,0
42,15.132,0,0
42,14.219,0,0
42,15.221,0,0
42,13.961,0,0
42,14.261,0,0
42,14.691,0,0
42,15.396,0,0
42,14.491,0,0
42,14.799,0,0
42,14.898,0,0
42,15.435,0,0
42,14.457,0,0
42,14.386,0,0
42,14.667,0,0
42,15.05,0,0
42,15.192,0,0
42,15.335,0,0
42,15.072,0,0
42,13.937,0,0
42,15.401,0,0
42,15.1,0,0
42,16.293,0,0
42,14.804,0,0
42,14.73,0,0
42,14.397,0,0
42,14.836,0,0
42,15.378,0,0
42,15.761,0,0
42,15.785,0,0
42,14.844,0,0
42,14.9,0,0
42,14.464,0,0
42,15.35,0,0
42,13.93,0,0
42,14.447,0,0
42,15.326,0,0
42,14.992,0,0
42,15.143,0,0
42,15.299,0,0
42,14.434,0,0
42,15.401,0,0
42,14.92,0,0
43,14.101,0,0
43,15.239,0,0
43,15.518,0,0
43,14.795,0,0
43,14.727,0,0
43,15.252,0,0
43,15.274,0,0
43,14.649,0,0
43,15.35,0,0
43,15.52,0,0
43,15.728,0,0
43,15.076,0,0
43,14.745,0,0
43,15,0,0
43,14.004,0,0
43,15.617,0,0
43,15.805,0,0
43,15.446,0,0
43,14.67,0,0
43,15.54,0,0
43,15.137,0,0
43,15.759,0,0
43,15.093,0,0
43,15.209,0,0
43,14.919,0,0
43,15.3,0,0
43,13.959,0,0
43,14.614,0,0
43,15.321,0,0
43,15.349,0,0
43,15.256,0,0
43,16.32,0,0
43,15.231,0,0
43,15.753,0,0
43,14.522,0,0
43,15.582,0,0
43,14.774,0,0
43,13.904,0,0
43,15.862,0,0
43,14.795,0,0
43,14.567,0,0
43,15.496,0,0
43,14.396,0,0
43,15.869,0,0
43,15.034,0,0
43,15.462,0,0
43,15.389,0,0
43,14.124,0,0
43,13.724,0,0
43,14.406,0,0
43,14.853,0,0
43,15.629,0,0
43,14.403,0,0
43,15.571,0,0
43,15.156,0,0
43,15.372,0,0
43,15.181,0,0
43,15.146,0,0
43,14.72,0,0
43,14.827,0,0
43,14.6,0,0
43,15.258,0,0
43,16.272,0,0
43,14.813,0,0
43,15.062,0,0
43,15.152,0,0
43,15.198,0,0
43,15.537,0,0
43,15.713,0,0
43,15.46,0,0
43,14.823,0,0
43,15.601,0,0
43,14.559,0,0
43,14.95,0,0
43,15.299,0,0
43,15.394,0,0
43,14.047,0,0
43,13.875,0,0
43,15.102,0,0
43,14.755,0,0
43,15.171,0,0
43,15.094,0,0
43,15.062,0,0
43,14.183,0,0
43,15.37,0,0
43,14.895,0,0
43,14.438,0,0
43,14.691,0,0
43,14.165,0,0
43,14.984,0,0
43,15.525,0,0
43,15.066,0,0
43,16.852,0,0
43,15.077,0,0
43,14.097,0,0
43,15.007,0,0
43,14.458,0,0
43,14.907,0,0
43,14.743,0,0
43,14.86,0,0
43,15.628,0,0
43,14.838,0,0
43,14.588,0,0
43,15.878,0,0
43,15.919,0,0
43,14.705,0,0
43,15.491,0,0
43,14.848,0,0
43,14.684,0,0
43,15.544,0,0
43,14.45,0,0
43,14.669,0,0
43,14.556,0,0
43,14.173,0,0
43,14.929,0,0
43,15.203,0,0
43,15.665,0,0
43,15.336,0,0
43,15.236,0,0
43,14.095,0,0
43,15.424,0,0
43,15.21,0,0
43,15.367,0,0
43,15.406,0,0
43,15.089,0,0
43,15.114,0,0
43,14.763,0,0
43,15.16,0,0
43,15.392,0,0
43,15.253,0,0
43,14.349,0,0
43,14.871,0,0
43,15.211,0,0
43,15.566,0,0
43,14.601,0,0
43,14.75,0,0
43,14.432,0,0
43,15.296,0,0
43,14.757,0,0
43,15.122,0,0
43,15.559,0,0
43,14.593,0,0
43,14.996,0,0
43,14.727,0,0
43,15.234,0,0
43,15.616,0,0
43,15.372,0,0
43,14.933,0,0
43,14.334,0,0
43,14.673,0,0
43,14.717,0,0
43,15.189,0,0
43,14.829,0,0
43,14.544,0,0
43,15.227,0,0
43,16.181,0,0
43,14.684,0,0
43,14.545,0,0
43,14.102,0,0
43,14.808,0,0
43,14.173,0,0
43,14.836,0,0
43,15.698,0,0
43,14.388,0,0
43,14.4,0,0
43,16.134,0,0
43,14.72,0,0
43,13.853,0,0
43,15.399,0,0
43,15.995,0,0
43,14.906,0,0
43,15.952,0,0
43,15.078,0,0
43,14.749,0,0
43,14.559,0,0
43,15.495,0,0
43,15.176,0,0
43,15.511,0,0
43,14.619,0,0
43,15.414,0,0
43,16.094,0,0
43,15.122,0,0
43,15.075,0,0
43,15.795,0,0
43,14.987,0,0
43,15.672,0,0
43,14.597,0,0
43,15.699,0,0
43,15.238,0,0
43,14.275,0,0
43,14.919,0,0
43,15.403,0,0
43,15.021,0,0
43,14.95,0,0
43,14.5,0,0
43,15.033,0,0
43,14.916,0,0
43,14.592,0,0
43,14.387,0,0
43,14.971,0,0
43,15.596,0,0
43,15.032,0,0
43,14.614,0,0
43,15.626,0,0
43,14.716,0,0
43,15.683,0,0
43,15.443,0,0
43,15.417,0,0
43,14.841,0,0
43,14.837,0,0
43,14.808,0,0
43,14.662,0,0
43,15.211,0,0
43,14.04,0,0
43,15.479,0,0
43,14.458,0,0
43,15.871,0,0
43,14.606,0,0
43,14.339,0,0
43,15.299,0,0
43,15.589,0,0
43,15.047,0,0
43,14.665,0,0
43,15.607,0,0
43,14.572,0,0
43,15.151,0,0
43,14.199,0,0
43,15.413,0,0
43,15.245,0,0
43,14.499,0,0
43,15.563,0,0
43,15.341,0,0
43,15.714,0,0
43,14.4,0,0
43,14.341,0,0
43,15.679,0,0
43,15.733,0,0
43,14.549,0,0
43,15.489,0,0
43,14.707,0,0
43,15.048,0,0
43,14.952,0,0
43,14.464,0,0
43,15.275,0,0
43,14.575,0,0
43,15.163,0,0
43,15.473,0,0
43,13.797,0,0
43,15.276,0,0
43,14.936,0,0
43,15.137,0,0
43,15.262,0,0
43,15.415,0,0
44,15.288,0,0
44,14.366,0,0
44,15.711,0,0
44,15.017,0,0
44,15.834,0,0
44,15.376,0,0
44,16.051,0,0
44,14.821,0,0
44,14.934,0,0
44,15.13,0,0
44,15.351,0,0
44,15.255,0,0
44,15.666,0,0
44,15.431,0,0
44,15.372,0,0
44,15.643,0,0
44,15.307,0,0
44,15.881,0,0
44,15.176,0,0
44,15.24,0,0
44,15.286,0,0
44,15.99,0,0
44,14.837,0,0
44,15.401,0,0
44,15.209,0,0
44,14.227,0,0
44,14.685,0,0
44,14.438,0,0
44,14.88,0,0
44,15.531,0,0
44,15.644,0,0
44,14.436,0,0
44,15.064,0,0
44,14.841,0,0
44,15.661,0,0
44,15.071,0,0
44,15.504,0,0
44,15.744,0,0
44,15.589,0,0
44,14.618,0,0
44,15.752,0,0
44,16.548,0,0
44,15.254,0,0
44,15.558,0,0
44,16.028,0,0
44,15.1,0,0
79,14.842,0,0
83,25.416,0,0
83,39.297,0,0
83,40.937,0,0
83,40.382,0,0
83,39.971,0,0
83,39.907,0,0
83,42.036,0,0
83,40.467,0,0
83,42.045,0,0
83,40.065,0,0
83,41.651,0,0
83,41.363,0,0
83,40.07,0,0
83,38.745,0,0
83,40.718,0,0
83,38.496,0,0
83,41.249,0,0
83,42.034,0,0
83,41.15,0,0
83,41.165,0,0
83,40.658,0,0
83,40.889,0,0
83,41.65,0,0
83,41.279,0,0
83,39.372,0,0
83,38.778,0,0
83,41.271,0,0
83,39.401,0,0
83,42.129,0,0
83,41.76,0,0
83,39.768,0,0
83,43.58,0,0
83,41.276,0,0
83,40.69,0,0
83,39.507,0,0
83,43.087,0,0
83,39.206,0,0
83,44.523,0,0
83,39.071,0,0
83,42.007,0,0
83,42.386,0,0
83,41.175,0,0
83,42.288,0,0
83,41.512,0,0
83,41.555,0,0
83,43.485,0,0
83,41.287,0,0
83,43.221,0,0
83,43.509,0,0
83,43.207,0,0
83,41.812,0,0
83,42.456,0,0
83,42.752,0,0
83,44.967,0,0
83,42.489,0,0
83,40.404,0,0
83,43.102,0,0
83,42.538,0,0
83,41.347,0,0
83,42.091,0,0
83,41.615,0,0
83,42.381,0,0
83,42.682,0,0
83,42.074,0,0
83,42.586,0,0
83,44.424,0,0
83,40.881,0,0
83,42.687,0,0
83,40.352,0,0
83,43.117,0,0
83,43.727,0,0
83,43.12,0,0
83,40.095,0,0
83,43.83,0,0
83,44.553,0,0
83,43.262,0,0
83,43.628,0,0
83,42.754,0,0
83,42.815,0,0
83,40.674,0,0
83,40.097,0,0
83,44.581,0,0
83,44.99,0,0
83,44.234,0,0
83,43.834,0,0
83,44.219,0,0
83,43.676,0,0
83,44.642,0,0
83,43.19,0,0
83,43.672,0,0
83,43.431,0,0
83,43.291,0,0
83,44.617,0,0
83,41.893,0,0
83,40.931,0,0
83,45.157,0,0
83,43.727,0,0
83,43.222,0,0
83,41.87,0,0
83,46.365,0,0
83,42.891,0,0
83,45.785,0,0
83,40.5,0,0
83,41.699,0,0
83,45.367,0,0
83,45.555,0,0
83,40.939,0,0
83,45.175,0,0
83,43.992,0,0
83,43.841,0,0
83,45.724,0,0
83,43.667,0,0
83,44.205,0,0
83,44.049,0,0
83,45.429,0,0
83,43.66,0,0
83,42.636,0,0
83,43.158,0,0
83,42.103,0,0
83,43.453,0,0
83,42.734,0,0
83,45.118,0,0
83,46.679,0,0
83,44.03,0,0
83,43.683,0,0
83,45.825,0,0
83,46.001,0,0
83,46.473,0,0
83,43.452,0,0
83,44.306,0,0
83,44.828,0,0
83,42.711,0,0
83,46.375,0,0
83,45.723,0,0
83,45.186,0,0
83,42.986,0,0
83,46.061,0,0
83,47.389,0,0
83,47.331,0,0
83,43.922,0,0
83,44.287,0,0
83,46.156,0,0
83,46.495,0,0
83,45.4,0,0
83,45.051,0,0
83,45.538,0,0
83,44.583,0,0
83,45.495,0,0
83,45.925,0,0
83,44.836,0,0
83,43.674,0,0
83,46.047,0,0
83,44.132,0,0
83,44.923,0,0
83,44.951,0,0
83,43.436,0,0
83,46.75,0,0
83,46.091,0,0
83,44.486,0,0
83,44.848,0,0
83,43.77,0,0
83,45.195,0,0
83,45.278,0,0
83,42.144,0,0
83,45.196,0,0
83,44.572,0,0
83,46.131,0,0
83,44.009,0,0
83,44.889,0,0
83,46.04,0,0
83,42.423,0,0
83,44.684,0,0
83,45.185,0,0
83,43.972,0,0
83,40.88,0,0
83,44.277,0,0
83,44.521,0,0
83,44.541,0,0
83,42.791,0,0
83,42.173,0,0
83,46.933,0,0
83,46.008,0,0
83,47.341,0,0
83,45.101,0,0
83,46.808,0,0
83,43.546,0,0
83,42.479,0,0
83,46.486,0,0
83,44.873,0,0
83,44.993,0,0
83,44.061,0,0
83,47.837,0,0
83,42.499,0,0
83,45.457,0,0
83,44.407,0,0
83,45.408,0,0
83,44.978,0,0
83,44.841,0,0
83,45.775,0,0
83,42.175,0,0
83,43.197,0,0
83,42.258,0,0
83,43.072,0,0
83,45.215,0,0
83,44.655,0,0
83,44.117,0,0
83,47.205,0,0
83,45.171,0,0
83,43.199,0,0
83,42.951,0,0
83,45.113,0,0
83,43.812,0,0
83,46.511,0,0
83,44.237,0,0
83,43.699,0,0
83,45.617,0,0
83,43.765,0,0
83,44.676,0,0
83,44.971,0,0
83,45.448,0,0
83,43.153,0,0
83,43.109,0,0
83,45.487,0,0
83,44.05,0,0
83,44.386,0,0
83,46.247,0,0
83,44.573,0,0
83,43.123,0,0
83,44.9,0,0
83,43.994,0,0
83,45.786,0,0
83,47.719,0,0
83,44.857,0,0
83,45.316,0,0
83,41.625,0,0
83,43.67,0,0
83,39.962,0,0
83,45.027,0,0
83,43.124,0,0
83,42.569,0,0
83,45.987,0,0
83,44.106,0,0
83,45.611,0,0
83,45.885,0,0
83,43.593,0,0
83,45.083,0,0
83,43.916,0,0
83,43.445,0,0
83,44.954,0,0
83,45.632,0,0
83,45.442,0,0
83,46.639,0,0
83,44.128,0,0
83,44.931,0,0
83,44.257,0,0
83,43.194,0,0
83,42.352,0,0
83,45.588,0,0
83,43.831,0,0
83,44.906,0,0
83,44.561,0,0
83,45.655,0,0
83,43.962,0,0
83,41.652,0,0
83,43.432,0,0
83,47.279,0,0
83,44.055,0,0
83,43.603,0,0
83,43.791,0,0
83,45.611,0,0
83,45.099,0,0
83,43.201,0,0
83,45.998,0,0
83,42.267,0,0
83,41.658,0,0
83,45.732,0,0
83,44.291,0,0
83,46.325,0,0
83,43.781,0,0
83,44.939,0,0
83,42.517,0,0
83,41.725,0,0
83,44.816,0,0
83,43.744,0,0
83,43.858,0,0
83,43.304,0,0
83,43.743,0,0
83,45.497,0,0
83,45.399,0,0
83,43.496,0,0
83,45.606,0,0
83,45.593,0,0
83,47.131,0,0
83,45.483,0,0
83,47.95,0,0
83,44.781,0,0
83,44.453,0,0
83,46.095,0,0
83,46.547,0,0
83,43.272,0,0
83,46.98,0,0
83,42.439,0,0
83,44.169,0,0
83,44.922,0,0
83,42.945,0,0
83,48.037,0,0
83,45.577,0,0
83,43.287,0,0
83,44.632,0,0
83,44.309,0,0
83,45.557,0,0
83,45.278,0,0
83,46.92,0,0
83,45.082,0,0
83,45.713,0,0
83,45.137,0,0
83,44.252,0,0
83,45.761,0,0
83,45.712,0,0
83,46.098,0,0
83,43.395,0,0
83,45.213,0,0
83,44.183,0,0
83,43.795,0,0
83,44.033,0,0
83,44.12,0,0
83,43.955,0,0
83,44.943,0,0
83,44.241,0,0
83,47.735,0,0
83,44.379,0,0
83,45.735,0,0
83,44.811,0,0
83,44.514,0,0
83,40.43,0,0
83,42.864,0,0
83,44.654,0,0
83,41.695,0,0
83,44.101,0,0
83,45.266,0,0
83,44.228,0,0
83,45.403,0,0
83,46.483,0,0
83,45.872,0,0
83,46.517,0,0
83,44.739,0,0
83,45.74,0,0
83,44.465,0,0
83,46.96,0,0
83,46.302,0,0
83,44.226,0,0
83,46.334,0,0
83,44.903,0,0
83,44.963,0,0
83,45.747,0,0
83,43.878,0,0
83,43.673,0,0
83,43.57,0,0
83,43.573,0,0
83,43.621,0,0
83,45.108,0,0
83,45.235,0,0
83,44.555,0,0
83,43.213,0,0
83,47.567,0,0
83,45.061,0,0
83,45.14,0,0
83,46.47,0,0
83,44.522,0,0
83,44.435,0,0
83,45.295,0,0
83,45.152,0,0
83,44.437,0,0
83,47.526,0,0
83,45.291,0,0
83,47.963,0,0
83,48.309,0,0
83,45.035,0,0
83,46.149,0,0
83,41.521,0,0
83,46.639,0,0
83,44.968,0,0
83,47.085,0,0
83,43.921,0,0
83,43.903,0,0
83,46.795,0,0
83,47.437,0,0
83,45.068,0,0
83,44.058,0,0
83,44.494,0,0
83,47.757,0,0
83,48.538,0,0
83,44.053,0,0
83,45.868,0,0
83,46.486,0,0
83,44.229,0,0
83,44.833,0,0
83,45.375,0,0
83,43.898,0,0
83,45.263,0,0
83,46.097,0,0
83,44.091,0,0
83,43.603,0,0
83,45.429,0,0
83,43.984,0,0
83,46.761,0,0
83,45.843,0,0
83,43.519,0,0
83,46.711,0,0
83,45.331,0,0
83,44.936,0,0
83,47.211,0,0
83,46.056,0,0
83,42.899,0,0
83,45.889,0,0
83,43.461,0,0
83,45.871,0,0
83,46.232,0,0
83,44.531,0,0
83,45.237,0,0
83,48.708,0,0
83,45.849,0,0
83,46.185,0,0
83,44.726,0,0
83,46.046,0,0
83,46.123,0,0
83,42.953,0,0
83,44.056,0,0
83,44.25,0,0
83,43.264,0,0
83,44.846,0,0
83,44.732,0,0
83,47.695,0,0
83,47.386,0,0
83,46.062,0,0
83,45.586,0,0
83,44.189,0,0
83,44.041,0,0
83,45.044,0,0
83,45.815,0,0
83,44.103,0,0
83,44.944,0,0
83,45.764,0,0
83,42.768,0,0
83,46.161,0,0
83,45.072,0,0
83,44.185,0,0
83,46.723,0,0
83,44.78,0,0
83,43.576,0,0
83,41.557,0,0
83,46.022,0,0
83,44.643,0,0
83,43.932,0,0
83,44.74,0,0
83,44.488,0,0
83,44.244,0,0
83,48.31,0,0
83,43.522,0,0
83,48.95,0,0
83,44.543,0,0
83,45.94,0,0
83,45.15,0,0
83,45.199,0,0
83,43.969,0,0
83,44.152,0,0
83,45.109,0,0
83,44.931,0,0
83,47.13,0,0
83,44.762,0,0
83,45.87,0,0
83,47.675,0,0
83,43.473,0,0
83,45.954,0,0
83,46.238,0,0
83,45.074,0,0
83,48.131,0,0
83,47.319,0,0
83,46.225,0,0
83,44.373,0,0
83,44.758,0,0
83,46.711,0,0
83,45.004,0,0
83,45.147,0,0
83,43.547,0,0
83,44.651,0,0
83,44.472,0,0
83,45.133,0,0
83,45.527,0,0
83,45.633,0,0
83,45.327,0,0
83,41.758,0,0
83,45.884,0,0
83,43.477,0,0
83,44.575,0,0
83,46.414,0,0
83,46.105,0,0
83,45.491,0,0
83,45.165,0,0
83,47.228,0,0
83,43.167,0,0
83,43.662,0,0
83,46.494,0,0
83,42.9,0,0
83,47.305,0,0
83,44.646,0,0
83,44.114,0,0
83,43.335,0,0
83,45.1,0,0
83,44.875,0,0
83,43.729,0,0
83,45.697,0,0
83,48.295,0,0
83,47.875,0,0
83,45.42,0,0
83,42.706,0,0
83,44.169,0,0
83,47.216,0,0
83,45.596,0,0
83,47.663,0,0
83,48.608,0,0
83,47.61,0,0
83,46.572,0,0
83,44.057,0,0
83,42.857,0,0
83,47.457,0,0
83,46.628,0,0
83,44.307,0,0
83,44.565,0,0
83,44.774,0,0
83,44.446,0,0
83,43.896,0,0
83,47.082,0,0
83,45.835,0,0
83,44.013,0,0
83,45.097,0,0
83,47.34,0,0
83,45.682,0,0
83,46.959,0,0
83,44.555,0,0
83,43.421,0,0
83,45.001,0,0
83,43.474,0,0
83,43.667,0,0
83,45.97,0,0
83,46.492,0,0
83,45.427,0,0
83,44.475,0,0
83,46.932,0,0
83,46.668,0,0
83,43.799,0,0
83,47.187,0,0
83,43.772,0,0
83,43.041,0,0
83,44.671,0,0
83,46.597,0,0
83,47.184,0,0
83,45.676,0,0
83,46.857,0,0
83,46.324,0,0
83,46.333,0,0
83,43.59,0,0
83,42.006,0,0
83,48.629,0,0
83,46.601,0,0
83,45.419,0,0
83,45.425,0,0
83,45.84,0,0
83,47.407,0,0
83,47.596,0,0
83,44.435,0,0
83,43.456,0,0
83,46.55,0,0
83,45.148,0,0
83,45.072,0,0
83,46.639,0,0
83,45.722,0,0
83,41.46,0,0
83,46.003,0,0
83,44.96,0,0
83,44.236,0,0
83,47.056,0,0
83,44.081,0,0
83,44.327,0,0
83,45.324,0,0
83,44.384,0,0
83,46.212,0,0
83,43.094,0,0
83,46.844,0,0
83,46.516,0,0
83,44.822,0,0
83,47.68,0,0
83,43.789,0,0
83,45.214,0,0
83,45.187,0,0
83,45.063,0,0
83,47.611,0,0
83,47.58,0,0
83,44.836,0,0
83,47.176,0,0
83,47.695,0,0
83,45.001,0,0
83,44.67,0,0
83,46.072,0,0
83,47.009,0,0
83,44.784,0,0
83,47.069,0,0
83,45.755,0,0
83,44.22,0,0
83,44.721,0,0
83,45.81,0,0
83,42.686,0,0
83,46.234,0,0
83,45.966,0,0
83,44.272,0,0
83,43.057,0,0
83,47.062,0,0
83,44.659,0,0
83,46.641,0,0
83,47.589,0,0
83,45.116,0,0
83,46.541,0,0
83,44.924,0,0
83,46.11,0,0
83,47.111,0,0
83,49.393,0,0
83,46.241,0,0
83,43.872,0,0
83,46.328,0,0
83,44.282,0,0
83,45.053,0,0
83,45.693,0,0
83,46.028,0,0
83,43.665,0,0
83,47.381,0,0
83,43.954,0,0
83,45.448,0,0
83,44.86,0,0
83,42.966,0,0
83,43.985,0,0
83,46.485,0,0
83,45.582,0,0
83,46.572,0,0
83,46.633,0,0
83,44.518,0,0
83,46.685,0,0
83,48.087,0,0
83,45.994,0,0
83,45.73,0,0
83,46.142,0,0
83,50.962,0,0
83,45.224,0,0
83,46.422,0,0
83,47.992,0,0
83,46.644,0,0
83,46.449,0,0
83,46.002,0,0
83,44.687,0,0
83,47.519,0,0
83,47.56,0,0
83,46.848,0,0
83,46.256,0,0
83,47.44,0,0
83,45.412,0,0
83,44.733,0,0
83,46.883,0,0
83,46.775,0,0
83,49.757,0,0
83,46.624,0,0
83,47.186,0,0
83,44.49,0,0
83,46.95,0,0
83,48.367,0,0
83,46.437,0,0
83,46.39,0,0
83,44.751,0,0
83,47.585,0,0
83,44.58,0,0
83,45.174,0,0
83,45.421,0,0
83,45.061,0,0
83,46.127,0,0
83,47.504,0,0
83,47.328,0,0
83,43.756,0,0
83,45.959,0,0
83,47.799,0,0
83,46.477,0,0
83,46.303,0,0
83,45.686,0,0
83,45.263,0,0
83,45.476,0,0
83,45.682,0,0
83,46.368,0,0
83,44.264,0,0
83,46.034,0,0
83,45.441,0,0
83,45.605,0,0
83,44.74,0,0
83,46.019,0,0
83,46.02,0,0
83,45.236,0,0
83,43.123,0,0
83,46.928,0,0
83,46.995,0,0
83,40.736,0,0
83,43.775,0,0
83,44.776,0,0
83,46.375,0,0
83,46.018,0,0
83,43.428,0,0
83,46.413,0,0
83,44.605,0,0
83,45.873,0,0
83,46.91,0,0
83,47.016,0,0
83,45.269,0,0
83,46.927,0,0
83,43.948,0,0
83,47.977,0,0
83,45.009,0,0
83,44.812,0,0
83,44.278,0,0
83,47.76,0,0
83,45.378,0,0
83,46.782,0,0
83,45.605,0,0
83,45.604,0,0
83,45.256,0,0
83,47.524,0,0
83,44.981,0,0
83,48.713,0,0
83,48.638,0,0
83,45.337,0,0
83,45.069,0,0
83,45.326,0,0
83,46.948,0,0
83,46.433,0,0
83,48.571,0,0
83,45.936,0,0
83,42.606,0,0
83,46.163,0,0
83,44.841,0,0
83,46.197,0,0
83,46.574,0,0
83,45.068,0,0
83,45.286,0,0
83,45.569,0,0
83,43.929,0,0
83,45.3,0,0
83,45.005,0,0
83,46.958,0,0
83,45.701,0,0
83,46.212,0,0
83,44.647,0,0
83,44.674,0,0
83,48.889,0,0
83,44.089,0,0
83,43.414,0,0
83,46.361,0,0
83,48.32,0,0
83,47.53,0,0
83,45.938,0,0
83,47.932,0,0
83,43.221,0,0
83,44.779,0,0
83,45.591,0,0
83,44.818,0,0
83,45.506,0,0
83,47.649,0,0
83,44.597,0,0
83,44.789,0,0
83,44.533,0,0
83,46.966,0,0
83,46.929,0,0
83,46.736,0,0
83,44.463,0,0
83,46.899,0,0
83,46.343,0,0
83,45.1,0,0
83,46.479,0,0
83,45.229,0,0
83,45.808,0,0
83,44.71,0,0
83,43.743,0,0
83,44.218,0,0
83,42.643,0,0
83,47.474,0,0
83,47.06,0,0
83,45.372,0,0
83,44.311,0,0
83,45.446,0,0
83,43.571,0,0
83,46.942,0,0
83,45.355,0,0
83,47.803,0,0
83,47.782,0,0
83,44.299,0,0
83,47.253,0,0
83,42.963,0,0
83,44.713,0,0
83,47.207,0,0
83,42.614,0,0
83,48.141,0,0
83,43.681,0,0
83,46.026,0,0
83,46.229,0,0
83,45.04,0,0
83,44.688,0,0
83,46.419,0,0
83,45.914,0,0
83,44.596,0,0
83,44.707,0,0
83,48.072,0,0
83,43.932,0,0
83,46.516,0,0
83,44.809,0,0
83,46.396,0,0
83,45.925,0,0
83,43.384,0,0
83,46.484,0,0
83,43.924,0,0
83,48.266,0,0
83,43.169,0,0
83,44.147,0,0
83,46.873,0,0
83,45.187,0,0
83,45.449,0,0
83,43.786,0,0
83,43.832,0,0
83,44.27,0,0
83,46.229,0,0
83,44.601,0,0
83,44.772,0,0
83,44.98,0,0
83,44.014,0,0
83,45.5,0,0
83,43.993,0,0
83,45.25,0,0
83,45.516,0,0
83,44.812,0,0
83,47.511,0,0
83,45.976,0,0
83,45.593,0,0
83,45.035,0,0
83,44.615,0,0
83,47.244,0,0
83,47.247,0,0
83,42.72,0,0
83,47.325,0,0
83,46.813,0,0
83,47.091,0,0
83,45.76,0,0
83,45.392,0,0
83,44.106,0,0
83,47.118,0,0
83,46.66,0,0
83,44.691,0,0
83,43.531,0,0
83,45.453,0,0
83,46.49,0,0
83,48.193,0,0
83,44.312,0,0
83,44.976,0,0
83,47.705,0,0
83,41.81,0,0
83,44.924,0,0
83,44.757,0,0
83,45.037,0,0
83,46.087,0,0
83,45.469,0,0
83,41.929,0,0
83,47.974,0,0
83,43.762,0,0
83,46.038,0,0
83,41.475,0,0
83,42.156,0,0
83,43.604,0,0
83,45.755,0,0
83,45.763,0,0
83,48.567,0,0
83,45.736,0,0
83,47.124,0,0
83,45.518,0,0
83,46.069,0,0
83,48.405,0,0
83,47.092,0,0
83,46.562,0,0
83,45.308,0,0
83,46.879,0,0
83,46.134,0,0
83,44.409,0,0
83,45.313,0,0
83,44.453,0,0
83,45.022,0,0
83,45.401,0,0
83,48.231,0,0
83,47.924,0,0
83,46.435,0,0
83,44.598,0,0
83,45.807,0,0
83,46.964,0,0
83,45.357,0,0
83,45.73,0,0
83,45.119,0,0
83,45.291,0,0
83,46.457,0,0
83,48.278,0,0
83,44.7,0,0
83,43.937,0,0
83,43.548,0,0
83,45.374,0,0
83,47.029,0,0
83,46.863,0,0
83,42.476,0,0
83,45.077,0,0
83,45.011,0,0
83,47.053,0,0
83,44.757,0,0
83,47.187,0,0
83,45.614,0,0
83,46.115,0,0
83,44.795,0,0
83,45.215,0,0
83,45.079,0,0
83,45.43,0,0
83,45.573,0,0
83,48.53,0,0
83,44.859,0,0
83,44.599,0,0
83,42.451,0,0
83,43.263,0,0
83,46.067,0,0
83,46.92,0,0
83,47.09,0,0
83,45.313,0,0
83,46.513,0,0
83,44.187,0,0
83,45.814,0,0
83,45.283,0,0
83,45.035,0,0
83,44.335,0,0
83,45.515,0,0
83,44.956,0,0
83,43.866,0,0
83,43.819,0,0
83,42.986,0,0
83,46.075,0,0
83,45.952,0,0
83,47.757,0,0
83,42.745,0,0
83,44.389,0,0
83,43.076,0,0
83,48.151,0,0
83,42.514,0,0
83,44.415,0,0
83,48.756,0,0
83,46.449,0,0
83,45.69,0,0
83,45.616,0,0
83,47.442,0,0
83,44.775,0,0
83,46.689,0,0
83,46.925,0,0
83,46.259,0,0
83,45.923,0,0
83,48.031,0,0
83,47.165,0,0
83,45.196,0,0
83,46.407,0,0
83,44.003,0,0
83,46.137,0,0
83,47.404,0,0
83,44.111,0,0
83,46.635,0,0
83,45.363,0,0
83,43.761,0,0
83,47.855,0,0
83,43.647,0,0
83,47.126,0,0
83,44.838,0,0
83,46.011,0,0
83,45.364,0,0
83,47.296,0,0
83,47.242,0,0
83,43.494,0,0
83,44.657,0,0
83,44.553,0,0
83,42.491,0,0
83,46.313,0,0
83,45.669,0,0
83,46.826,0,0
83,45.523,0,0
83,47.507,0,0
83,45.804,0,0
83,48.223,0,0
83,44.436,0,0
83,47.573,0,0
83,45.144,0,0
83,42.942,0,0
83,45.166,0,0
83,42.19,0,0
83,45.38,0,0
83,46.208,0,0
83,44.298,0,0
83,45.347,0,0
83,47.525,0,0
83,44.32,0,0
83,48.902,0,0
83,46.523,0,0
83,45.665,0,0
83,44.846,0,0
83,47.232,0,0
83,43.695,0,0
83,45.693,0,0
83,43.985,0,0
83,45.852,0,0
83,43.443,0,0
83,43.952,0,0
83,45.063,0,0
83,45.237,0,0
83,48.715,0,0
83,46.723,0,0
83,46.821,0,0
83,47.567,0,0
83,42.519,0,0
83,43.591,0,0
83,45.318,0,0
83,44.798,0,0
83,45.863,0,0
83,45.669,0,0
83,47.099,0,0
83,45.672,0,0
83,45.831,0,0
83,43.981,0,0
83,44.821,0,0
83,43.761,0,0
83,48.879,0,0
83,44.329,0,0
83,44.828,0,0
83,45.862,0,0
83,44.765,0,0
83,44.318,0,0
83,47.287,0,0
83,45.919,0,0
83,44.686,0,0
83,44.774,0,0
83,47.854,0,0
83,45.231,0,0
83,43.308,0,0
83,44.991,0,0
83,43.219,0,0
83,44.37,0,0
83,44.934,0,0
83,46.598,0,0
83,46.655,0,0
83,44.052,0,0
83,43.661,0,0
83,48.44,0,0
83,44.555,0,0
83,47.457,0,0
83,43.256,0,0
83,43.008,0,0
83,44.039,0,0
83,43.362,0,0
83,45.77,0,0
83,46.055,0,0
83,41.827,0,0
83,44.031,0,0
83,43.773,0,0
83,46.552,0,0
83,46.688,0,0
83,44.744,0,0
83,45.526,0,0
83,44.653,0,0
83,48.598,0,0
83,44.234,0,0
83,43.258,0,0
83,45.615,0,0
83,46.685,0,0
83,45.407,0,0
83,45.544,0,0
83,46.797,0,0
83,47.576,0,0
83,45.774,0,0
83,46.528,0,0
83,46.167,0,0
83,43.424,0,0
83,45.19,0,0
83,44.484,0,0
83,45.414,0,0
83,43.872,0,0
83,44.86,0,0
83,45.414,0,0
83,45.639,0,0
83,44.24,0,0
83,47.326,0,0
83,46.825,0,0
83,45.218,0,0
83,42.188,0,0
83,42.492,0,0
83,43.925,0,0
83,48.781,0,0
83,46.897,0,0
83,45.411,0,0
83,46.239,0,0
83,46.218,0,0
83,46.34,0,0
83,44.521,0,0
83,48.12,0,0
83,45.15,0,0
83,51.589,0,0
83,46.985,0,0
83,46.14,0,0
83,41.845,0,0
83,45.897,0,0
83,45.033,0,0
83,47.92,0,0
83,45.556,0,0
83,45.985,0,0
83,46.848,0,0
83,44.741,0,0
83,44.652,0,0
83,45.305,0,0
83,46.628,0,0
83,44.167,0,0
83,45.133,0,0
83,44.017,0,0
83,45.922,0,0
83,47.848,0,0
83,46.148,0,0
83,44.695,0,0
83,47.36,0,0
83,42.794,0,0
83,45.809,0,0
83,44.8,0,0
83,45.415,0,0
83,44.516,0,0
83,45.225,0,0
83,45.036,0,0
83,46.414,0,0
83,46.322,0,0
83,43.894,0,0
83,46.129,0,0
83,45.319,0,0
83,46.223,0,0
83,43.755,0,0
83,44.347,0,0
83,41.652,0,0
83,51.026,0,0
83,43.409,0,0
83,43.745,0,0
83,42.372,0,0
83,48.065,0,0
83,45.58,0,0
83,47.753,0,0
83,45.421,0,0
83,45.08,0,0
83,43.339,0,0
83,44.285,0,0
83,44.275,0,0
83,46.178,0,0
83,43.445,0,0
83,42.786,0,0
83,45.657,0,0
83,46.311,0,0
83,43.236,0,0
83,43.146,0,0
83,44.521,0,0
83,45.544,0,0
83,44.886,0,0
83,43.415,0,0
83,47.493,0,0
83,44.76,0,0
83,44.035,0,0
83,43.87,0,0
83,44.007,0,0
83,44.586,0,0
83,45.21,0,0
83,44.738,0,0
83,47.738,0,0
83,47.738,0,0
83,46.491,0,0
83,44.445,0,0
83,44.35,0,0
83,45.873,0,0
83,46.092,0,0
83,43.407,0,0
83,44.372,0,0
83,42.219,0,0
83,46.163,0,0
83,43.27,0,0
83,46.447,0,0
83,47.157,0,0
83,45.018,0,0
83,45.386,0,0
83,47.137,0,0
83,46.068,0,0
83,46.77,0,0
83,45.658,0,0
83,44.18,0,0
83,42.946,0,0
83,43.715,0,0
83,44.088,0,0
83,48.057,0,0
83,45.655,0,0
83,41.218,0,0
83,46.094,0,0
83,44.311,0,0
83,45.883,0,0
83,45.875,0,0
83,47.454,0,0
83,45.897,0,0
83,46.716,0,0
83,45.521,0,0
83,44.283,0,0
83,44.697,0,0
83,45.179,0,0
83,43.284,0,0
83,46.645,0,0
83,45.084,0,0
83,43.903,0,0
83,47.1,0,0
83,47.364,0,0
83,42.645,0,0
83,44.174,0,0
83,44.828,0,0
83,41.921,0,0
83,44.68,0,0
83,42.714,0,0
83,47.956,0,0
83,44.733,0,0
83,46.082,0,0
83,45.298,0,0
83,42.936,0,0
83,45.415,0,0
83,45.194,0,0
83,44.897,0,0
83,47.739,0,0
83,46.243,0,0
83,44.193,0,0
83,46.739,0,0
83,48.048,0,0
83,46.445,0,0
83,47.65,0,0
83,44.794,0,0
83,42.816,0,0
83,46.805,0,0
83,44.902,0,0
83,43.948,0,0
83,46.663,0,0
83,45.817,0,0
83,46.102,0,0
83,43.039,0,0
83,45.553,0,0
83,44.273,0,0
83,43.723,0,0
83,46.122,0,0
83,45.768,0,0
83,46.461,0,0
83,47.031,0,0
83,46.004,0,0
83,45.245,0,0
83,45.016,0,0
83,43.43,0,0
83,46.437,0,0
83,47.544,0,0
83,47.922,0,0
83,46.069,0,0
83,46.77,0,0
83,44.245,0,0
83,45.596,0,0
83,45.003,0,0
83,44.771,0,0
83,45.63,0,0
83,45.065,0,0
83,45.328,0,0
83,47.512,0,0
83,44.597,0,0
83,44.089,0,0
83,42.864,0,0
83,42.241,0,0
83,45.081,0,0
83,45.244,0,0
83,43.963,0,0
83,43.403,0,0
83,44.744,0,0
83,44.815,0,0
83,44.685,0,0
83,46.283,0,0
83,46.104,0,0
83,45.966,0,0
83,46.206,0,0
83,44.748,0,0
83,44.899,0,0
83,44.119,0,0
83,46.646,0,0
83,46.095,0,0
83,43.993,0,0
83,46.064,0,0
83,44.277,0,0
83,45.886,0,0
83,44.216,0,0
83,44.373,0,0
83,47.86,0,0
83,42.539,0,0
83,41.899,0,0
83,45.776,0,0
83,46.334,0,0
83,44.212,0,0
83,44.792,0,0
83,48.685,0,0
83,45.79,0,0
83,46.997,0,0
83,46.351,0,0
83,42.327,0,0
83,47.106,0,0
83,45.105,0,0
83,43.951,0,0
83,46.317,0,0
83,45.867,0,0
83,43.99,0,0
83,48.494,0,0
83,45.252,0,0
83,46.378,0,0
83,45.044,0,0
83,47.401,0,0
83,43.721,0,0
83,47.433,0,0
83,43.936,0,0
83,45.733,0,0
83,47.079,0,0
83,45.066,0,0
83,43.865,0,0
83,45.534,0,0
83,44.704,0,0
83,48.146,0,0
83,45.691,0,0
83,45.091,0,0
83,43.466,0,0
83,44.132,0,0
83,45.068,0,0
83,45.571,0,0
83,46.675,0,0
83,44.138,0,0
83,43.351,0,0
83,43.522,0,0
83,44.847,0,0
83,40.471,0,0
83,45.783,0,0
83,42.669,0,0
83,41.986,0,0
83,47.137,0,0
83,47.569,0,0
83,44.44,0,0
83,42.877,0,0
83,46.371,0,0
83,45.874,0,0
83,44.623,0,0
83,43.606,0,0
83,44.549,0,0
83,45.338,0,0
83,44.885,0,0
83,43.78,0,0
83,46.086,0,0
83,45.928,0,0
83,42.571,0,0
83,46.898,0,0
83,46.139,0,0
83,43.286,0,0
83,45.606,0,0
83,46.254,0,0
83,45.285,0,0
83,44.922,0,0
83,44.094,0,0
83,45.878,0,0
83,46,0,0
83,43.341,0,0
83,44.813,0,0
83,44.728,0,0
83,43.928,0,0
83,43.285,0,0
83,44.687,0,0
83,46.151,0,0
83,46.362,0,0
83,45.048,0,0
83,47.448,0,0
83,45.041,0,0
83,45.591,0,0
83,46.171,0,0
83,43.28,0,0
83,44.405,0,0
83,42.968,0,0
83,46.459,0,0
83,44.364,0,0
83,44.399,0,0
83,42.974,0,0
83,44.524,0,0
83,45.924,0,0
83,46.295,0,0
83,43.312,0,0
83,45.606,0,0
83,44.561,0,0
83,44.818,0,0
83,43.462,0,0
83,46.203,0,0
83,45.621,0,0
83,48.123,0,0
83,41.761,0,0
83,44.024,0,0
83,43.369,0,0
83,44.038,0,0
83,44.05,0,0
83,44.121,0,0
83,42.975,0,0
83,44.013,0,0
83,44.729,0,0
83,44.537,0,0
83,44.478,0,0
83,47.602,0,0
83,45.334,0,0
83,43.894,0,0
83,44.827,0,0
83,41.777,0,0
83,44.066,0,0
83,45.704,0,0
83,44.237,0,0
83,46.8,0,0
83,44.269,0,0
83,43.473,0,0
83,45.655,0,0
83,45.97,0,0
83,44.397,0,0
83,46.661,0,0
83,46.782,0,0
83,45.266,0,0
83,46.303,0,0
83,45.317,0,0
83,43.651,0,0
83,47.224,0,0
83,45.355,0,0
83,41.937,0,0
83,46.301,0,0
83,46.504,0,0
83,42.98,0,0
83,41.696,0,0
83,43.206,0,0
83,43.86,0,0
83,46.292,0,0
83,42.855,0,0
83,42.957,0,0
83,42.316,0,0
83,44.425,0,0
83,44.054,0,0
83,44.925,0,0
83,43.247,0,0
83,43.809,0,0
83,41.515,0,0
83,44.567,0,0
83,45.475,0,0
83,42.681,0,0
83,45.276,0,0
83,45.728,0,0
83,44.677,0,0
83,45.799,0,0
83,45.466,0,0
83,46.295,0,0
83,45.729,0,0
83,44.961,0,0
83,45.427,0,0
83,44.515,0,0
83,42.923,0,0
83,45.445,0,0
83,44.726,0,0
83,44.502,0,0
83,43.202,0,0
83,44.468,0,0
83,45.331,0,0
83,46.867,0,0
83,46.214,0,0
83,44.933,0,0
83,44.973,0,0
83,43.658,0,0
83,44.424,0,0
83,43.658,0,0
83,45.287,0,0
83,44.061,0,0
83,45.036,0,0
83,43.76,0,0
83,47.381,0,0
83,47.342,0,0
83,47.367,0,0
83,44.646,0,0
83,44.816,0,0
83,46.961,0,0
83,45.109,0,0
83,46.342,0,0
83,45.06,0,0
83,41.721,0,0
83,46.825,0,0
83,41.764,0,0
83,45.177,0,0
83,44.038,0,0
83,46.05,0,0
83,45.648,0,0
83,44.154,0,0
83,48.219,0,0
83,46.67,0,0
83,45.629,0,0
83,46.088,0,0
83,45.04,0,0
83,45.529,0,0
83,45.536,0,0
83,46.514,0,0
83,44.655,0,0
83,45.166,0,0
83,44.108,0,0
83,45.35,0,0
83,44.377,0,0
83,45.424,0,0
83,45.586,0,0
83,43.884,0,0
83,46.149,0,0
83,46.089,0,0
83,47.912,0,0
83,43.9,0,0
83,47.214,0,0
83,45.638,0,0
83,45.814,0,0
83,45.025,0,0
83,47.202,0,0
83,43.239,0,0
83,46.483,0,0
83,45.001,0,0
83,44.523,0,0
83,45.771,0,0
83,46.087,0,0
83,47.381,0,0
83,46.415,0,0
83,45.012,0,0
83,44.612,0,0
83,47.581,0,0
83,46.206,0,0
83,43.818,0,0
83,45.529,0,0
83,45.608,0,0
83,45.116,0,0
83,43.665,0,0
83,43.324,0,0
83,44.216,0,0
83,43.741,0,0
83,45.782,0,0
83,41.583,0,0
83,43.585,0,0
83,47.331,0,0
83,44.491,0,0
83,48.809,0,0
83,45.276,0,0
83,43.381,0,0
83,41.995,0,0
83,46.82,0,0
83,45.903,0,0
83,43.935,0,0
83,45.622,0,0
83,44.397,0,0
83,46.787,0,0
83,43.494,0,0
83,44.658,0,0
83,43.475,0,0
83,46.709,0,0
83,45.285,0,0
83,45.046,0,0
83,44.346,0,0
83,46.439,0,0
83,47.334,0,0
83,45.119,0,0
83,46.79,0,0
83,44.438,0,0
83,45.523,0,0
83,44.165,0,0
83,49.369,0,0
83,46.115,0,0
83,43.087,0,0
83,46.054,0,0
83,44.766,0,0
83,44.265,0,0
83,46.232,0,0
83,45.349,0,0
83,46.395,0,0
83,44.117,0,0
83,44.836,0,0
83,46.313,0,0
83,46.902,0,0
83,46.066,0,0
83,47.067,0,0
83,44.992,0,0
83,43.754,0,0
83,46.09,0,0
83,44.822,0,0
83,46.331,0,0
83,46.856,0,0
83,44.143,0,0
83,44.09,0,0
83,46.75,0,0
83,46.661,0,0
83,41.952,0,0
83,47.106,0,0
83,46.747,0,0
83,47.832,0,0
83,44.697,0,0
83,45.071,0,0
83,46.315,0,0
83,45.277,0,0
83,47.528,0,0
83,46.61,0,0
83,45.905,0,0
83,43.862,0,0
83,50.726,0,0
83,47.731,0,0
83,45.204,0,0
83,44.007,0,0
83,43.827,0,0
83,45.538,0,0
83,46.23,0,0
83,45.811,0,0
83,46.611,0,0
83,44.081,0,0
83,46.015,0,0
83,46.09,0,0
83,45.788,0,0
83,42.149,0,0
83,46.596,0,0
83,48.019,0,0
83,43.78,0,0
83,45.054,0,0
83,44.202,0,0
83,46.477,0,0
83,45.273,0,0
83,49.782,0,0
83,45.121,0,0
83,41.756,0,0
83,44.311,0,0
83,44.028,0,0
83,45.982,0,0
83,42.929,0,0
83,46.786,0,0
83,47.891,0,0
83,46.76,0,0
83,46.568,0,0
83,44.139,0,0
83,44.301,0,0
83,46.694,0,0
83,47.15,0,0
83,45.721,0,0
83,46.189,0,0
83,46.313,0,0
83,50.375,0,0
83,47.863,0,0
83,45.69,0,0
83,42.773,0,0
83,44.533,0,0
83,47.543,0,0
83,44.397,0,0
83,45.076,0,0
83,43.081,0,0
83,47.535,0,0
83,46.144,0,0
83,46.182,0,0
83,45.073,0,0
83,45.813,0,0
83,45.954,0,0
83,43.371,0,0
83,46.534,0,0
83,45.464,0,0
83,45.85,0,0
83,45.799,0,0
83,44.542,0,0
83,44.18,0,0
83,46.989,0,0
83,44.932,0,0
83,45.033,0,0
83,44.721,0,0
83,45.109,0,0
83,43.973,0,0
83,43.884,0,0
83,43.771,0,0
83,44.877,0,0
83,45.778,0,0
83,42.903,0,0
83,44.293,0,0
83,44.381,0,0
83,46.851,0,0
83,45.544,0,0
83,47.711,0,0
83,47.913,0,0
83,44.133,0,0
83,45.827,0,0
83,45.136,0,0
83,46.28,0,0
83,44.263,0,0
83,44.644,0,0
83,41.845,0,0
83,46.669,0,0
83,44.114,0,0
83,44.178,0,0
83,44.164,0,0
83,48.83,0,0
83,42.522,0,0
83,43.72,0,0
83,47.112,0,0
83,42.198,0,0
83,43.669,0,0
83,44.847,0,0
83,45.193,0,0
83,44.102,0,0
83,45.686,0,0
83,42.901,0,0
83,44.619,0,0
83,44.094,0,0
83,45.872,0,0
83,44.518,0,0
83,45.778,0,0
83,46.912,0,0
83,46.704,0,0
83,43.992,0,0
83,45.97,0,0
83,47.761,0,0
83,44.769,0,0
83,45.423,0,0
83,45.169,0,0
83,42.629,0,0
83,44.976,0,0
83,42.489,0,0
83,43.761,0,0
83,44.874,0,0
83,46.871,0,0
83,48.075,0,0
83,43.181,0,0
83,43.676,0,0
83,45.554,0,0
83,44.044,0,0
83,45.329,0,0
83,46.625,0,0
83,43.949,0,0
83,45.411,0,0
83,46.644,0,0
83,45.449,0,0
83,45.465,0,0
83,44.423,0,0
83,43.334,0,0
83,42.767,0,0
83,44.718,0,0
83,42.467,0,0
83,46.801,0,0
83,42.651,0,0
83,45.31,0,0
83,44.78,0,0
83,42.201,0,0
83,45.474,0,0
83,45.876,0,0
83,44.74,0,0
83,42.717,0,0
83,44.87,0,0
83,46.161,0,0
83,46.007,0,0
83,46.125,0,0
83,43.025,0,0
83,43.641,0,0
83,43.551,0,0
83,41.957,0,0
83,45.432,0,0
83,44.269,0,0
83,45.849,0,0
83,46.856,0,0
83,46.616,0,0
83,45.658,0,0
83,45.053,0,0
83,46.883,0,0
83,43.772,0,0
83,46.274,0,0
83,45.445,0,0
83,44.687,0,0
83,47.233,0,0
83,47.229,0,0
83,43.136,0,0
83,47.005,0,0
83,46.216,0,0
83,44.61,0,0
83,47.083,0,0
83,44.515,0,0
83,44.279,0,0
83,42.617,0,0
83,43.31,0,0
83,46.883,0,0
83,43.552,0,0
83,45.768,0,0
83,44.923,0,0
83,45.657,0,0
83,44.693,0,0
83,43.574,0,0
83,45.472,0,0
83,44.72,0,0
83,45.209,0,0
83,42.085,0,0
83,48.059,0,0
83,45.66,0,0
83,45.939,0,0
83,47.515,0,0
83,44.922,0,0
83,46.982,0,0
83,43.985,0,0
83,46.132,0,0
83,44.893,0,0
83,45.761,0,0
83,43.203,0,0
83,43.238,0,0
83,44.058,0,0
83,48.918,0,0
83,42.913,0,0
83,47.197,0,0
83,43.689,0,0
83,46.316,0,0
83,45.793,0,0
83,43.867,0,0
83,43.992,0,0
83,44.688,0,0
83,48.045,0,0
83,43.653,0,0
83,46.848,0,0
83,45.725,0,0
83,45.928,0,0
83,48.568,0,0
83,46.766,0,0
83,43.534,0,0
83,47.425,0,0
83,43.561,0,0
83,45.064,0,0
83,45.177,0,0
83,47.813,0,0
83,47.819,0,0
83,43.904,0,0
83,43.723,0,0
83,46.415,0,0
83,46.975,0,0
83,47.39,0,0
83,46.866,0,0
83,44.339,0,0
83,45.708,0,0
83,46.503,0,0
83,45.806,0,0
83,45.876,0,0
83,43.898,0,0
83,48.534,0,0
83,46.437,0,0
83,42.836,0,0
83,42.84,0,0
83,45.32,0,0
83,46.955,0,0
83,48.583,0,0
83,44.849,0,0
83,45.569,0,0
83,46.363,0,0
83,44.796,0,0
83,45.763,0,0
83,43.955,0,0
83,42.408,0,0
83,44.837,0,0
83,44.43,0,0
83,42.261,0,0
83,47.187,0,0
83,47.321,0,0
83,43.632,0,0
83,44.775,0,0
83,46.724,0,0
83,45.063,0,0
83,46.275,0,0
83,43.704,0,0
83,45.17,0,0
83,46.264,0,0
83,44.29,0,0
83,46.69,0,0
83,45.518,0,0
83,46.757,0,0
83,46.005,0,0
83,45.769,0,0
83,44.941,0,0
83,46.433,0,0
83,45.902,0,0
83,47.267,0,0
83,45.421,0,0
83,45.614,0,0
83,45.653,0,0
83,42.962,0,0
83,46.892,0,0
83,47.147,0,0
83,43.793,0,0
83,46.677,0,0
83,44.455,0,0
83,43.297,0,0
83,44.365,0,0
83,44.736,0,0
83,46.986,0,0
83,44.332,0,0
83,47.056,0,0
83,45.044,0,0
83,42.797,0,0
83,43.849,0,0
83,44.977,0,0
83,46.33,0,0
83,43.931,0,0
83,46.512,0,0
83,45.124,0,0
83,44.76,0,0
83,49.307,0,0
83,46.636,0,0
83,45.48,0,0
83,45.632,0,0
83,47.401,0,0
83,46.039,0,0
83,45.084,0,0
83,46.496,0,0
83,43.7,0,0
83,45.773,0,0
83,47.508,0,0
83,44.405,0,0
83,43.209,0,0
83,44.769,0,0
83,45.888,0,0
83,45.85,0,0
83,46.105,0,0
83,47.329,0,0
83,44.847,0,0
83,45.523,0,0
83,47.636,0,0
83,47.169,0,0
83,42.893,0,0
83,44.704,0,0
83,43.022,0,0
83,46.426,0,0
83,46.299,0,0
83,47.454,0,0
83,46.9,0,0
83,44.561,0,0
83,45.373,0,0
83,45.57,0,0
83,46.995,0,0
83,46.698,0,0
83,45.114,0,0
83,44.973,0,0
83,45.015,0,0
83,45.103,0,0
83,43.455,0,0
83,45.38,0,0
83,47.155,0,0
83,46.188,0,0
83,45.581,0,0
83,42.933,0,0
83,44.985,0,0
83,44.733,0,0
83,46.859,0,0
83,45.713,0,0
83,44.828,0,0
83,43.609,0,0
83,46.964,0,0
83,45.199,0,0
83,45.085,0,0
83,42.431,0,0
83,45.312,0,0
83,45.951,0,0
83,47.048,0,0
83,44.078,0,0
83,43.544,0,0
83,43.659,0,0
83,46.876,0,0
83,44.98,0,0
83,45.519,0,0
83,44.284,0,0
83,46.657,0,0
83,46.516,0,0
83,46.559,0,0
83,43.661,0,0
83,46.171,0,0
83,46.212,0,0
83,44.764,0,0
83,44.745,0,0
83,46.854,0,0
83,47.246,0,0
83,44.963,0,0
83,43.706,0,0
83,47.228,0,0
83,46.626,0,0
83,44.238,0,0
83,44.686,0,0
83,47.3,0,0
83,45.348,0,0
83,44.237,0,0
83,45.055,0,0
83,47.585,0,0
83,47.265,0,0
83,45.954,0,0
83,46.377,0,0
83,44.601,0,0
83,44.01,0,0
83,43.818,0,0
83,45.758,0,0
83,45.803,0,0
83,43.712,0,0
83,43.719,0,0
83,46.296,0,0
83,43.986,0,0
83,44.12,0,0
83,44.003,0,0
83,43.685,0,0
83,44.601,0,0
83,45.396,0,0
83,46.479,0,0
83,44.604,0,0
83,44.65,0,0
83,46.851,0,0
83,43.073,0,0
83,44.938,0,0
83,43.374,0,0
83,44.776,0,0
83,45.269,0,0
83,46.487,0,0
83,47.305,0,0
83,44.705,0,0
83,44.485,0,0
83,46.187,0,0
83,47.865,0,0
83,48.237,0,0
83,44.48,0,0
83,46.161,0,0
83,44.804,0,0
83,46.988,0,0
83,44.364,0,0
83,45.474,0,0
83,44.131,0,0
83,45.508,0,0
83,45.53,0,0
83,42.725,0,0
83,45.624,0,0
83,44.605,0,0
83,44.046,0,0
83,43.561,0,0
83,44.79,0,0
83,44.235,0,0
83,47.767,0,0
83,44.407,0,0
83,43.817,0,0
83,43.85,0,0
83,44.815,0,0
83,45.405,0,0
83,44.562,0,0
83,44.711,0,0
83,46.183,0,0
83,44.916,0,0
83,45.228,0,0
83,44.892,0,0
83,44.325,0,0
83,44.722,0,0
83,44.859,0,0
83,45.579,0,0
83,43.55,0,0
83,44.783,0,0
83,44.88,0,0
83,48.382,0,0
83,43.718,0,0
83,45.495,0,0
83,42.635,0,0
83,46.062,0,0
83,42.322,0,0
83,41.136,0,0
83,45.579,0,0
83,42.375,0,0
83,45.613,0,0
83,45.774,0,0
83,45.182,0,0
83,45.312,0,0
83,42.879,0,0
83,42.599,0,0
83,46.304,0,0
83,41.237,0,0
83,41.89,0,0
83,42.715,0,0
83,42.453,0,0
83,45.686,0,0
83,46.474,0,0
83,45.662,0,0
83,45.264,0,0
83,44.848,0,0
83,41.322,0,0
83,43.722,0,0
83,45.842,0,0
83,44.374,0,0
83,45.878,0,0
83,44.234,0,0
83,43.695,0,0
83,44.226,0,0
83,44.185,0,0
83,43.652,0,0
83,44.266,0,0
83,44.401,0,0
83,44.331,0,0
83,43.16,0,0
83,44.416,0,0
83,42.942,0,0
83,45.314,0,0
83,42.298,0,0
83,46.17,0,0
83,42.902,0,0
83,44.936,0,0
83,44.231,0,0
83,45.143,0,0
83,44.593,0,0
83,42.542,0,0
83,44.133,0,0
83,45.345,0,0
83,44.862,0,0
83,43.176,0,0
83,43.34,0,0
83,44.51,0,0
83,43.136,0,0
83,44.459,0,0
83,44.316,0,0
83,42.776,0,0
83,44.098,0,0
83,44.701,0,0
83,45.705,0,0
83,46.033,0,0
83,46.226,0,0
83,43.331,0,0
83,43.69,0,0
83,43.94,0,0
83,45.028,0,0
83,42.769,0,0
83,44.027,0,0
83,45.26,0,0
83,47.219,0,0
83,44.895,0,0
83,44.901,0,0
83,43.485,0,0
83,45.944,0,0
83,42.644,0,0
83,47.23,0,0
83,45.223,0,0
83,44.111,0,0
83,46.532,0,0
83,44.842,0,0
83,43.688,0,0
83,42.916,0,0
83,41.978,0,0
83,43.005,0,0
83,45.993,0,0
83,42.467,0,0
83,45.408,0,0
83,42.249,0,0
83,41.522,0,0
83,45.886,0,0
83,44.351,0,0
83,46.099,0,0
83,45.719,0,0
83,44.686,0,0
83,45.085,0,0
83,43.345,0,0
83,42.31,0,0
83,44.694,0,0
83,43.958,0,0
83,45.045,0,0
83,45.426,0,0
83,46.072,0,0
83,44.972,0,0
83,47.67,0,0
83,45.214,0,0
83,46.585,0,0
83,44.729,0,0
83,41.65,0,0
83,48.343,0,0
83,46.681,0,0
83,45.546,0,0
83,45.133,0,0
83,43.81,0,0
83,46.103,0,0
83,45.289,0,0
83,43.793,0,0
83,45.179,0,0
83,43.339,0,0
83,44.421,0,0
83,45.107,0,0
83,46.71,0,0
83,42.85,0,0
83,47.19,0,0
83,44.664,0,0
83,45.73,0,0
83,44.377,0,0
83,43.847,0,0
83,47.463,0,0
83,43.959,0,0
83,45.337,0,0
83,42.795,0,0
83,48.124,0,0
83,44.927,0,0
83,43.274,0,0
83,47.071,0,0
83,43.076,0,0
83,44.84,0,0
83,44.122,0,0
83,45.804,0,0
83,46.833,0,0
83,46.959,0,0
83,45.237,0,0
83,45.091,0,0
83,46.228,0,0
83,43.132,0,0
83,45.716,0,0
83,44.183,0,0
83,45.922,0,0
83,43.274,0,0
83,45.562,0,0
83,42.724,0,0
83,44.511,0,0
83,44.843,0,0
83,43.574,0,0
83,43.061,0,0
83,46.74,0,0
83,47.299,0,0
83,44.126,0,0
83,45.873,0,0
83,46.055,0,0
83,46.359,0,0
83,46.517,0,0
83,45.743,0,0
83,46.506,0,0
83,44.082,0,0
83,45.206,0,0
83,42.454,0,0
83,45.632,0,0
83,43.818,0,0
83,46.006,0,0
83,45.088,0,0
83,46.347,0,0
83,44.423,0,0
83,45.203,0,0
83,45.739,0,0
83,47.525,0,0
83,45.506,0,0
83,44.44,0,0
83,46.008,0,0
83,48.263,0,0
83,43.112,0,0
83,45.887,0,0
83,44.107,0,0
83,47.262,0,0
83,45.191,0,0
83,46.375,0,0
83,43.399,0,0
83,45.772,0,0
83,46.867,0,0
83,46.802,0,0
83,44.304,0,0
83,44.661,0,0
83,44.797,0,0
83,45.552,0,0
83,46.906,0,0
83,44.696,0,0
83,45.615,0,0
83,46.789,0,0
83,44.086,0,0
83,47.219,0,0
83,43.199,0,0
83,45.014,0,0
83,46.164,0,0
83,47.717,0,0
83,44.138,0,0
83,44.806,0,0
83,45.105,0,0
83,46.904,0,0
83,44.207,0,0
83,46.341,0,0
83,42.086,0,0
83,45.254,0,0
83,44.402,0,0
83,42.288,0,0
83,45.764,0,0
83,43.56,0,0
83,46.131,0,0
83,43.124,0,0
83,44.756,0,0
83,46.144,0,0
83,45.611,0,0
83,43.44,0,0
83,47.005,0,0
83,45.906,0,0
83,44.466,0,0
83,46.567,0,0
83,44.247,0,0
83,44.217,0,0
83,45.358,0,0
83,45.158,0,0
83,44.948,0,0
83,48.13,0,0
83,44.294,0,0
83,45.048,0,0
83,46.784,0,0
83,45.478,0,0
83,45.466,0,0
83,46.062,0,0
83,42.95,0,0
83,47.73,0,0
83,44.854,0,0
83,45.044,0,0
83,47.056,0,0
83,43.295,0,0
83,43.44,0,0
83,43.827,0,0
83,41.617,0,0
83,43.662,0,0
83,43.607,0,0
83,44.774,0,0
83,44.946,0,0
83,45.892,0,0
83,46.741,0,0
83,45.286,0,0
83,42.168,0,0
83,44.231,0,0
83,44.226,0,0
83,43.901,0,0
83,45.655,0,0
83,47.246,0,0
83,47.155,0,0
83,46.205,0,0
83,45.737,0,0
83,45.806,0,0
83,45.107,0,0
83,44.054,0,0
83,47.471,0,0
83,42.034,0,0
83,46.075,0,0
83,44.847,0,0
83,45.333,0,0
83,45.435,0,0
83,46.219,0,0
83,47.53,0,0
83,43.811,0,0
83,45.85,0,0
83,44.389,0,0
83,46.715,0,0
83,43.434,0,0
83,45.319,0,0
83,43.876,0,0
83,44.738,0,0
83,44.935,0,0
83,44.997,0,0
83,46.437,0,0
83,43.64,0,0
83,45.34,0,0
83,45.389,0,0
83,44.359,0,0
83,46.576,0,0
83,46.745,0,0
83,46.539,0,0
83,46.007,0,0
83,46.028,0,0
83,44.593,0,0
83,45.6,0,0
83,43.379,0,0
83,44.494,0,0
83,46.415,0,0
83,43.756,0,0
83,46.422,0,0
83,46.384,0,0
83,48.756,0,0
83,44.05,0,0
83,45.84,0,0
83,45.556,0,0
83,50.325,0,0
83,45.584,0,0
83,43.518,0,0
83,43.737,0,0
83,44.291,0,0
83,45.185,0,0
83,48.615,0,0
83,46.76,0,0
83,42.475,0,0
83,45.781,0,0
83,46.18,0,0
83,46.436,0,0
83,45.067,0,0
83,46.706,0,0
83,46.027,0,0
83,44.675,0,0
83,45.176,0,0
83,44.997,0,0
83,44.243,0,0
83,44.279,0,0
83,44.317,0,0
83,47.158,0,0
83,45.029,0,0
83,45.366,0,0
83,45.123,0,0
83,44.534,0,0
83,45.594,0,0
83,44.076,0,0
83,45.008,0,0
83,44.598,0,0
83,46.102,0,0
83,46.037,0,0
83,43.017,0,0
83,48.601,0,0
83,47.431,0,0
83,47.407,0,0
83,43.382,0,0
83,45.773,0,0
83,46.579,0,0
83,46.342,0,0
83,45.699,0,0
83,43.618,0,0
83,45.827,0,0
83,46.931,0,0
83,45.673,0,0
83,47.356,0,0
83,45.391,0,0
83,44.09,0,0
83,43.852,0,0
83,45.338,0,0
83,43.01,0,0
83,44.719,0,0
83,45.57,0,0
83,43.14,0,0
83,42.314,0,0
83,45.867,0,0
83,48.75,0,0
83,44.289,0,0
83,45.648,0,0
83,44.813,0,0
83,44.271,0,0
83,43.58,0,0
83,45.751,0,0
83,42.123,0,0
83,44.483,0,0
83,46.925,0,0
83,46.222,0,0
83,43.757,0,0
83,44.459,0,0
83,45.61,0,0
83,45.667,0,0
83,45.168,0,0
83,44.163,0,0
83,43.996,0,0
83,45.923,0,0
83,45.283,0,0
83,45.684,0,0
83,45.1,0,0
83,43.694,0,0
83,43.515,0,0
83,44.055,0,0
83,46.172,0,0
83,45.447,0,0
83,44.954,0,0
83,44.754,0,0
83,43.702,0,0
83,50.103,0,0
83,45.372,0,0
83,44.656,0,0
83,44.011,0,0
83,43.874,0,0
83,43.97,0,0
83,43.335,0,0
83,43.358,0,0
83,46.907,0,0
83,46.058,0,0
83,47.198,0,0
83,45.94,0,0
83,42.927,0,0
83,45.575,0,0
83,43.842,0,0
83,43.264,0,0
83,46.819,0,0
83,44.452,0,0
83,46.568,0,0
83,46.549,0,0
83,43.609,0,0
83,41.714,0,0
83,44.676,0,0
83,43.751,0,0
83,42.069,0,0
83,44.353,0,0
83,47.314,0,0
83,46.843,0,0
83,47.554,0,0
83,45.149,0,0
83,44.523,0,0
83,44.342,0,0
83,45.628,0,0
83,45.779,0,0
83,44.19,0,0
83,46.838,0,0
83,46.008,0,0
83,46.202,0,0
83,46.916,0,0
83,46.389,0,0
83,44.067,0,0
83,43.017,0,0
83,44.707,0,0
83,44.42,0,0
83,47.2,0,0
83,45.673,0,0
83,43.195,0,0
83,44.103,0,0
83,45.173,0,0
83,44.804,0,0
83,45.084,0,0
83,44.417,0,0
83,46.556,0,0
83,44.26,0,0
83,45.389,0,0
83,48.292,0,0
83,45.336,0,0
83,41.861,0,0
83,46.865,0,0
83,45.03,0,0
83,47.648,0,0
83,43.293,0,0
83,46.382,0,0
83,45.662,0,0
83,46.153,0,0
83,47.535,0,0
83,45.007,0,0
83,42.833,0,0
83,45.095,0,0
83,48.587,0,0
83,44.595,0,0
83,45.814,0,0
83,45.452,0,0
83,46.378,0,0
83,46.14,0,0
83,44.063,0,0
83,45.395,0,0
83,45.228,0,0
83,43.466,0,0
83,45.08,0,0
83,45.136,0,0
83,47.193,0,0
83,45.418,0,0
83,45.825,0,0
83,44.862,0,0
83,48.235,0,0
83,46.022,0,0
83,48.082,0,0
83,43.874,0,0
83,47.123,0,0
83,42.706,0,0
83,45.882,0,0
83,44.768,0,0
83,44.386,0,0
83,46.151,0,0
83,44.971,0,0
83,45.452,0,0
83,46.129,0,0
83,45.389,0,0
83,45.34,0,0
83,46.019,0,0
83,44.867,0,0
83,45.84,0,0
83,42.927,0,0
83,42.552,0,0
83,46.454,0,0
83,43.121,0,0
83,47.627,0,0
83,46.276,0,0
83,48.401,0,0
83,44.544,0,0
83,42.144,0,0
83,44.18,0,0
83,47.081,0,0
83,45.58,0,0
83,45.889,0,0
83,42.916,0,0
83,45.216,0,0
83,45.012,0,0
83,48.686,0,0
83,44.71,0,0
83,45.821,0,0
83,42.856,0,0
83,44.41,0,0
83,43.38,0,0
83,47.351,0,0
83,43.42,0,0
83,45.703,0,0
83,44.983,0,0
83,46.13,0,0
83,48.597,0,0
83,45.232,0,0
83,46.933,0,0
83,45.29,0,0
83,46.319,0,0
83,48.993,0,0
83,48.115,0,0
83,43.042,0,0
83,47.316,0,0
83,45.246,0,0
83,46.101,0,0
83,44.737,0,0
83,42.924,0,0
83,45.853,0,0
83,45.997,0,0
83,44.849,0,0
83,44.66,0,0
83,45.808,0,0
83,47.332,0,0
83,47.392,0,0
83,45.492,0,0
83,43.876,0,0
83,46.16,0,0
83,44.274,0,0
83,43.741,0,0
83,43.934,0,0
83,42.135,0,0
83,45.235,0,0
83,48.202,0,0
83,44.973,0,0
83,44.709,0,0
83,42.097,0,0
83,44.473,0,0
83,47.064,0,0
83,45.62,0,0
83,46.086,0,0
83,46.54,0,0
83,44.127,0,0
83,44.666,0,0
83,43.521,0,0
83,44.025,0,0
83,46.381,0,0
83,46.315,0,0
83,49.667,0,0
83,46.337,0,0
83,44.891,0,0
83,44.903,0,0
83,47.637,0,0
83,45.121,0,0
83,47.801,0,0
83,46.123,0,0
83,45.218,0,0
83,48.199,0,0
83,44.07,0,0
83,42.311,0,0
83,45.227,0,0
83,45.392,0,0
83,46.928,0,0
83,45.194,0,0
83,44.472,0,0
83,43.503,0,0
83,45.513,0,0
83,43.604,0,0
83,44.874,0,0
83,44.718,0,0
83,45.183,0,0
83,44.25,0,0
83,45.089,0,0
83,42.776,0,0
83,44.692,0,0
83,44.266,0,0
83,47.639,0,0
83,45.811,0,0
83,46.863,0,0
83,47.043,0,0
83,46.058,0,0
83,46.948,0,0
83,43.919,0,0
83,43.692,0,0
83,46.84,0,0
83,46.801,0,0
83,45.741,0,0
83,44.751,0,0
83,43.706,0,0
83,45.28,0,0
83,44.736,0,0
83,44.906,0,0
83,44.244,0,0
83,46.043,0,0
83,46.851,0,0
83,45.604,0,0
83,45.771,0,0
83,43.306,0,0
83,45.164,0,0
83,44.687,0,0
83,45.854,0,0
83,44.39,0,0
83,45.703,0,0
83,47.011,0,0
83,42.044,0,0
83,43.386,0,0
83,48.05,0,0
83,45.228,0,0
83,47.361,0,0
83,45.366,0,0
83,46.261,0,0
83,44.739,0,0
83,47.543,0,0
83,45.261,0,0
83,44.529,0,0
83,45.855,0,0
83,44.108,0,0
83,46.817,0,0
83,42.734,0,0
83,44.135,0,0
83,44.673,0,0
83,43.9,0,0
83,46.023,0,0
83,44.412,0,0
83,44.701,0,0
83,45.45,0,0
83,43.485,0,0
83,45.688,0,0
83,49.445,0,0
83,47.075,0,0
83,43.352,0,0
83,45.225,0,0
83,46.415,0,0
83,46.445,0,0
83,46.715,0,0
83,45.316,0,0
83,43.393,0,0
83,42.322,0,0
83,45.849,0,0
83,47.394,0,0
83,45.12,0,0
83,42.906,0,0
83,46.115,0,0
83,46.445,0,0
83,43.364,0,0
83,43.282,0,0
83,43.92,0,0
83,43.356,0,0
83,44.808,0,0
83,43.635,0,0
83,47.152,0,0
83,44.511,0,0
83,44.882,0,0
83,46.89,0,0
83,47.27,0,0
83,46.591,0,0
83,43.741,0,0
83,45.343,0,0
83,45.287,0,0
83,46.039,0,0
83,43.964,0,0
83,42.675,0,0
83,44.228,0,0
83,47.114,0,0
83,46.206,0,0
83,44.833,0,0
83,43.923,0,0
83,43.288,0,0
83,46.232,0,0
83,43.5,0,0
83,44.396,0,0
83,46.172,0,0
83,45.925,0,0
83,46.083,0,0
83,45.114,0,0
83,44.133,0,0
83,48.294,0,0
83,46.488,0,0
83,44.78,0,0
83,48.475,0,0
83,45.813,0,0
83,47.39,0,0
83,44.025,0,0
83,47.087,0,0
83,47.405,0,0
83,42.962,0,0
83,45.075,0,0
83,43.747,0,0
83,43.173,0,0
83,45.714,0,0
83,46.634,0,0
83,47.55,0,0
83,46.97,0,0
83,42.706,0,0
83,46.098,0,0
83,44.001,0,0
83,44.596,0,0
83,44.939,0,0
83,47.173,0,0
83,45.061,0,0
83,43.341,0,0
83,47.017,0,0
83,47.674,0,0
83,46.023,0,0
83,44.743,0,0
83,48.866,0,0
83,45.042,0,0
83,43.119,0,0
83,46.298,0,0
83,45.918,0,0
83,45.836,0,0
83,44.777,0,0
83,44.196,0,0
83,45.314,0,0
83,42.628,0,0
83,43.971,0,0
83,46.236,0,0
83,44.287,0,0
83,45.854,0,0
83,45.556,0,0
83,44.983,0,0
83,44.679,0,0
83,42.652,0,0
83,45.892,0,0
83,46.833,0,0
83,47.183,0,0
83,49.183,0,0
83,47.331,0,0
83,45.456,0,0
83,47.926,0,0
83,44.145,0,0
83,45.11,0,0
83,48.817,0,0
83,44.714,0,0
83,42.598,0,0
83,45.171,0,0
83,45.352,0,0
83,42.383,0,0
83,45.659,0,0
83,46.68,0,0
83,45.953,0,0
83,45.291,0,0
83,44.234,0,0
83,45.933,0,0
83,44.356,0,0
83,43.157,0,0
83,47.245,0,0
83,44.598,0,0
83,46.684,0,0
83,45.581,0,0
83,45.039,0,0
83,44.995,0,0
83,45.108,0,0
83,44.04,0,0
83,43.636,0,0
83,45.883,0,0
83,44.746,0,0
83,44.928,0,0
83,42.14,0,0
83,46.44,0,0
83,43.229,0,0
83,44.205,0,0
83,45.717,0,0
83,43.243,0,0
83,43.524,0,0
83,45.708,0,0
83,45.821,0,0
83,45.467,0,0
83,45.924,0,0
83,42.635,0,0
83,46.261,0,0
83,46.638,0,0
83,45.85,0,0
83,48.535,0,0
83,45.811,0,0
83,48.334,0,0
83,44.871,0,0
83,47.6,0,0
83,44.558,0,0
83,44.111,0,0
83,47.078,0,0
83,43.584,0,0
83,46.12,0,0
83,46.286,0,0
83,48.158,0,0
83,45.858,0,0
83,45.115,0,0
83,44.591,0,0
83,48.234,0,0
83,42.503,0,0
83,45.229,0,0
83,45.69,0,0
83,42.475,0,0
83,44.962,0,0
83,44.534,0,0
83,44.866,0,0
83,45.484,0,0
83,43.308,0,0
83,48.329,0,0
83,46.832,0,0
83,45.084,0,0
83,44.53,0,0
83,45.727,0,0
83,44.089,0,0
83,45.728,0,0
83,46.327,0,0
83,42.694,0,0
83,45.972,0,0
83,45.765,0,0
83,45.847,0,0
83,48.899,0,0
83,44.571,0,0
83,45.496,0,0
83,44.589,0,0
83,46.371,0,0
83,45.549,0,0
83,41.437,0,0
83,47.302,0,0
83,46.832,0,0
83,45.72,0,0
83,47.423,0,0
83,43.775,0,0
83,44.909,0,0
83,47.136,0,0
83,44.458,0,0
83,44.387,0,0
83,44.112,0,0
83,44.242,0,0
83,45.055,0,0
83,44.77,0,0
83,46.854,0,0
83,44.169,0,0
83,47.175,0,0
83,43.708,0,0
83,46.825,0,0
83,43.853,0,0
83,43.326,0,0
83,45.308,0,0
83,43.034,0,0
83,45.859,0,0
83,46.554,0,0
83,46.119,0,0
83,44.663,0,0
83,44.258,0,0
83,45.087,0,0
83,46.215,0,0
83,44.309,0,0
83,47.095,0,0
83,44.567,0,0
83,44.061,0,0
83,44.264,0,0
83,45.5,0,0
83,44.983,0,0
83,44.286,0,0
83,45.983,0,0
83,44.476,0,0
83,47.315,0,0
83,46.187,0,0
83,48.513,0,0
83,45.557,0,0
83,44.759,0,0
83,45.388,0,0
83,45.893,0,0
83,47.001,0,0
83,45.691,0,0
83,46.731,0,0
83,45.879,0,0
83,43.535,0,0
83,43.476,0,0
83,47.45,0,0
83,46.588,0,0
83,46.527,0,0
83,46.045,0,0
83,41.941,0,0
83,46.644,0,0
83,44.678,0,0
83,45.167,0,0
83,44.266,0,0
83,46.7,0,0
83,46.17,0,0
83,46.389,0,0
83,42.715,0,0
83,46.365,0,0
83,45.706,0,0
83,48.317,0,0
83,45.266,0,0
83,46.022,0,0
83,45.153,0,0
83,43.682,0,0
83,44.056,0,0
83,45.407,0,0
83,46.592,0,0
83,45.029,0,0
83,45.297,0,0
83,48.527,0,0
83,48.039,0,0
83,46.769,0,0
83,44.266,0,0
83,43.176,0,0
83,47.085,0,0
83,42.69,0,0
83,45.729,0,0
83,46.157,0,0
83,48.522,0,0
83,47.436,0,0
83,45.09,0,0
83,46.24,0,0
83,44.913,0,0
83,43.364,0,0
83,45.636,0,0
83,45.617,0,0
83,43.674,0,0
83,47.517,0,0
83,45.053,0,0
83,45.943,0,0
83,42.748,0,0
83,45.765,0,0
83,45.284,0,0
83,44.357,0,0
83,43.905,0,0
83,45.503,0,0
83,47.653,0,0
83,43.408,0,0
83,44.944,0,0
83,43.999,0,0
83,44.427,0,0
83,45.495,0,0
83,46.17,0,0
83,45.754,0,0
83,47.112,0,0
83,46.054,0,0
83,46.523,0,0
83,46.626,0,0
83,45.907,0,0
83,45.914,0,0
83,45.275,0,0
83,45.574,0,0
83,46.845,0,0
83,46.131,0,0
83,46.374,0,0
83,48.092,0,0
83,44.709,0,0
83,44.074,0,0
83,47.409,0,0
83,44.442,0,0
83,45.668,0,0
83,46.814,0,0
83,43.448,0,0
83,42.564,0,0
83,45.62,0,0
83,44.469,0,0
83,45.991,0,0
83,45.065,0,0
83,46.496,0,0
83,45.456,0,0
83,47.718,0,0
83,43.131,0,0
83,45.815,0,0
83,45.839,0,0
83,47.756,0,0
83,46.144,0,0
83,46.946,0,0
83,43.968,0,0
83,46.844,0,0
83,45.643,0,0
83,43.223,0,0
83,47.437,0,0
83,45.56,0,0
83,46.069,0,0
83,45.795,0,0
83,44.861,0,0
83,45.612,0,0
83,45.298,0,0
83,45.955,0,0
83,47.69,0,0
83,43.013,0,0
83,42.759,0,0
83,46.733,0,0
83,45.832,0,0
83,45.08,0,0
83,44.611,0,0
83,45.208,0,0
83,45.911,0,0
83,45.546,0,0
83,43.325,0,0
83,48.307,0,0
83,48.153,0,0
83,44.874,0,0
83,45.639,0,0
83,43.548,0,0
83,48.043,0,0
83,47.136,0,0
83,45.468,0,0
83,41.372,0,0
83,46.467,0,0
83,43.057,0,0
83,43.587,0,0
83,44.589,0,0
83,45.048,0,0
83,44.106,0,0
83,48.47,0,0
83,44.915,0,0
83,44.464,0,0
83,43.814,0,0
83,48.636,0,0
83,44.647,0,0
83,44.007,0,0
83,45.645,0,0
83,44.353,0,0
83,47.099,0,0
83,43.086,0,0
83,46.868,0,0
83,44.915,0,0
83,47.076,0,0
83,45.703,0,0
83,46.083,0,0
83,45.465,0,0
83,46.041,0,0
83,45.508,0,0
83,46.515,0,0
83,45.395,0,0
83,43.586,0,0
83,45.303,0,0
83,45.664,0,0
83,45.81,0,0
83,42.077,0,0
83,42.762,0,0
83,44.14,0,0
83,42.403,0,0
83,46.839,0,0
83,46.231,0,0
83,45.983,0,0
83,48.207,0,0
83,45.914,0,0
83,45.445,0,0
83,45.876,0,0
83,45.606,0,0
83,45.435,0,0
83,43.525,0,0
83,46.943,0,0
83,47.875,0,0
83,46.057,0,0
83,46.589,0,0
83,44.41,0,0
83,47.402,0,0
83,42.493,0,0
83,44.741,0,0
83,44.921,0,0
83,46.386,0,0
83,47.295,0,0
83,45.43,0,0
83,45.79,0,0
83,48.727,0,0
83,47.344,0,0
83,44.997,0,0
83,45.151,0,0
83,43.583,0,0
83,47.041,0,0
83,44.027,0,0
83,44.398,0,0
83,45.705,0,0
83,43.694,0,0
83,45.235,0,0
83,43.64,0,0
83,45.872,0,0
83,46.063,0,0
83,47.594,0,0
83,47.175,0,0
83,44.976,0,0
83,42.097,0,0
83,45.312,0,0
83,42.586,0,0
83,47.146,0,0
83,47.063,0,0
83,43.043,0,0
83,45.468,0,0
83,44.095,0,0
83,47.61,0,0
83,45.072,0,0
83,44.541,0,0
83,47.731,0,0
83,46.315,0,0
83,43.393,0,0
83,48.292,0,0
83,45.541,0,0
83,44.313,0,0
83,45.955,0,0
83,44.338,0,0
83,45.03,0,0
83,47.911,0,0
83,43.513,0,0
83,42.593,0,0
83,45.435,0,0
83,45.897,0,0
83,46.45,0,0
83,45.085,0,0
83,47.323,0,0
83,45.034,0,0
83,49.028,0,0
83,55.286,0,0
83,51.55,0,0
83,54.319,0,0
83,56.133,0,0
83,55.211,0,0
83,53.504,0,0
83,54.371,0,0
83,54.906,0,0
83,56.273,0,0
83,52.845,0,0
83,55.143,0,0
83,51.999,0,0
83,56.695,0,0
83,57.362,0,0
83,55.825,0,0
83,51.815,0,0
83,55.133,0,0
83,54.078,0,0
83,55.879,0,0
83,53.553,0,0
83,53.646,0,0
83,53.463,0,0
83,51.942,0,0
83,54.276,0,0
83,53.514,0,0
83,54.942,0,0
83,53.716,0,0
83,53.959,0,0
83,54.032,0,0
83,53.177,0,0
83,53.228,0,0
83,54.66,0,0
83,54.439,0,0
83,52.624,0,0
83,52.908,0,0
83,54.468,0,0
83,55.547,0,0
83,54.516,0,0
83,57.134,0,0
83,52.347,0,0
83,56.526,0,0
83,58.009,0,0
83,52.54,0,0
83,53.779,0,0
83,55.866,0,0
83,53.472,0,0
83,52.302,0,0
83,54.677,0,0
83,56.968,0,0
83,52.819,0,0
83,53.886,0,0
83,54.628,0,0
83,52.851,0,0
83,53.218,0,0
83,55.696,0,0
83,54.141,0,0
83,57.187,0,0
83,55.9,0,0
83,54.24,0,0
83,52.165,0,0
83,54.216,0,0
83,57.949,0,0
83,53.806,0,0
83,55.543,0,0
83,57.928,0,0
83,55.163,0,0
83,54.9,0,0
83,53.066,0,0
83,54.706,0,0
83,56.585,0,0
83,56.06,0,0
83,55.53,0,0
83,54.119,0,0
83,57.209,0,0
83,56.704,0,0
83,53.993,0,0
83,55.338,0,0
83,56.501,0,0
83,54.959,0,0
83,55.836,0,0
83,55.286,0,0
83,55.52,0,0
83,52.013,0,0
83,54.783,0,0
83,55.448,0,0
83,52.811,0,0
83,56.148,0,0
83,53.857,0,0
83,57.26,0,0
83,54.774,0,0
83,56.974,0,0
83,54.148,0,0
83,55.137,0,0
83,55.848,0,0
83,54.83,0,0
83,54.197,0,0
83,54.818,0,0
83,52.839,0,0
83,56.502,0,0
83,55.25,0,0
83,53.855,0,0
83,54.118,0,0
83,56.276,0,0
83,52.164,0,0
83,54.555,0,0
83,55.777,0,0
83,56.133,0,0
83,56.9,0,0
83,55.896,0,0
83,54.84,0,0
83,56.688,0,0
83,56.236,0,0
83,57.159,0,0
83,53.717,0,0
83,56.394,0,0
83,55.567,0,0
83,56.755,0,0
83,56.705,0,0
83,54.418,0,0
83,54.276,0,0
83,57.252,0,0
83,55.834,0,0
83,53.992,0,0
83,53.455,0,0
83,53.648,0,0
83,55.519,0,0
83,56.946,0,0
83,54.979,0,0
83,55.703,0,0
83,54.257,0,0
83,55.262,0,0
83,54.007,0,0
83,55.478,0,0
83,54.929,0,0
83,54.594,0,0
83,56.833,0,0
83,56.279,0,0
83,55.115,0,0
83,55.337,0,0
83,56.64,0,0
83,55.621,0,0
83,54.993,0,0
83,53.034,0,0
83,55.031,0,0
83,53.637,0,0
83,56.996,0,0
83,54.351,0,0
83,53.275,0,0
83,55.911,0,0
83,56.964,0,0
83,54.27,0,0
83,57.042,0,0
83,54.147,0,0
83,52.8,0,0
83,55.239,0,0
83,55.408,0,0
83,53.362,0,0
83,53.484,0,0
83,54.208,0,0
83,54.472,0,0
83,56.441,0,0
83,54.043,0,0
83,54.418,0,0
83,55.06,0,0
83,55.845,0,0
83,56.065,0,0
83,56.673,0,0
83,55.34,0,0
83,54.177,0,0
83,58.252,0,0
83,55.387,0,0
83,55.186,0,0
83,56.782,0,0
83,54.676,0,0
83,55.031,0,0
83,52.514,0,0
83,56.619,0,0
83,54.571,0,0
83,54.402,0,0
83,56.051,0,0
83,53.811,0,0
83,55.063,0,0
83,56.4,0,0
83,53.805,0,0
83,55.923,0,0
83,57.915,0,0
83,54.671,0,0
83,52.265,0,0
83,57.545,0,0
83,53.696,0,0
83,54.187,0,0
83,53.385,0,0
83,54.309,0,0
83,55.256,0,0
83,54.313,0,0
83,57.876,0,0
83,54.561,0,0
83,55.396,0,0
83,54.533,0,0
83,57.687,0,0
83,53.812,0,0
83,54.889,0,0
83,57.563,0,0
83,53.417,0,0
83,55.316,0,0
83,55.121,0,0
83,54.899,0,0
83,58.12,0,0
83,54.226,0,0
83,54.732,0,0
83,53.622,0,0
83,54.302,0,0
83,55.822,0,0
83,57.243,0,0
83,56.227,0,0
83,54.726,0,0
83,57.08,0,0
83,55.988,0,0
83,56.105,0,0
83,54.055,0,0
83,54.045,0,0
83,56.574,0,0
83,52.562,0,0
83,55.771,0,0
83,55.515,0,0
83,54.719,0,0
83,54.649,0,0
83,54.857,0,0
83,54.666,0,0
83,55.376,0,0
83,54.711,0,0
83,55.448,0,0
83,56.529,0,0
83,55.024,0,0
83,52.941,0,0
83,54.538,0,0
83,54.562,0,0
83,53.555,0,0
83,55.569,0,0
83,54.409,0,0
83,53.494,0,0
83,52.13,0,0
83,54.461,0,0
83,55.048,0,0
83,55.649,0,0
83,52.814,0,0
83,55.243,0,0
83,55.806,0,0
83,54.877,0,0
83,54.165,0,0
83,56.048,0,0
83,56.437,0,0
83,54.71,0,0
83,55.016,0,0
83,55.298,0,0
83,56.421,0,0
83,56.73,0,0
83,56.716,0,0
83,55.101,0,0
83,53.762,0,0
83,55.148,0,0
83,54.672,0,0
83,51.558,0,0
83,55.33,0,0
83,56.303,0,0
83,55.996,0,0
83,54.581,0,0
83,53.51,0,0
83,53.457,0,0
83,53.554,0,0
83,57.732,0,0
83,54.531,0,0
83,55.89,0,0
83,55.004,0,0
83,55.547,0,0
83,56.071,0,0
83,54.075,0,0
83,57.215,0,0
83,57.973,0,0
83,54.485,0,0
83,55.751,0,0
83,56.179,0,0
83,55.722,0,0
83,53.576,0,0
83,52.914,0,0
83,55.871,0,0
83,55.926,0,0
83,56.462,0,0
83,54.842,0,0
83,52.68,0,0
83,56.942,0,0
83,56.009,0,0
83,55.654,0,0
83,56.626,0,0
83,55.18,0,0
83,55.434,0,0
83,55.661,0,0
83,57.067,0,0
83,54.475,0,0
83,56.987,0,0
83,55.317,0,0
83,53.973,0,0
83,54.394,0,0
83,54.498,0,0
83,55.392,0,0
83,54.366,0,0
83,55.123,0,0
83,55.166,0,0
83,54.843,0,0
83,56.85,0,0
83,53.573,0,0
83,56.01,0,0
83,52.322,0,0
83,54.578,0,0
83,54.127,0,0
83,52.282,0,0
83,53.932,0,0
83,55.285,0,0
83,55.113,0,0
83,57.311,0,0
83,53.201,0,0
83,54.85,0,0
83,55.432,0,0
83,57.037,0,0
83,56.519,0,0
83,55.414,0,0
83,57.397,0,0
83,56.459,0,0
83,55.913,0,0
83,55.254,0,0
83,54.881,0,0
83,55.499,0,0
83,55.426,0,0
83,55.918,0,0
83,52.538,0,0
83,54.878,0,0
83,54.768,0,0
83,53.739,0,0
83,55.199,0,0
83,55.793,0,0
83,54.007,0,0
83,53.762,0,0
83,55.924,0,0
83,55.08,0,0
83,52.443,0,0
83,54.634,0,0
83,53.66,0,0
83,54.479,0,0
83,53.78,0,0
83,55.817,0,0
83,55.729,0,0
83,54.257,0,0
83,54.262,0,0
83,55.58,0,0
83,55.728,0,0
83,55.199,0,0
83,55.913,0,0
83,56.065,0,0
83,56.107,0,0
83,54.533,0,0
83,51.991,0,0
83,55.403,0,0
83,54.163,0,0
83,55.231,0,0
83,53.47,0,0
83,55.283,0,0
83,55.558,0,0
83,54.369,0,0
83,53.591,0,0
83,56.576,0,0
83,53.89,0,0
83,55.209,0,0
83,53.641,0,0
83,55.386,0,0
83,54.033,0,0
83,53.052,0,0
83,54.033,0,0
83,52.949,0,0
83,54.969,0,0
83,53.918,0,0
83,56.444,0,0
83,55.315,0,0
83,54.86,0,0
83,54.911,0,0
83,54.625,0,0
83,55.063,0,0
83,56.775,0,0
83,54.467,0,0
83,55.001,0,0
83,53.994,0,0
83,55.034,0,0
83,54.604,0,0
83,54.682,0,0
83,54.042,0,0
83,55.543,0,0
83,53.837,0,0
83,53.452,0,0
83,53.594,0,0
83,54.96,0,0
83,54.957,0,0
83,56.638,0,0
83,52.041,0,0
83,54.852,0,0
83,53.112,0,0
83,53.343,0,0
83,55.586,0,0
83,56.886,0,0
83,55.548,0,0
83,53.847,0,0
83,55.748,0,0
83,55.857,0,0
83,54.16,0,0
83,55.832,0,0
83,52.436,0,0
83,53.382,0,0
83,52.624,0,0
83,55.845,0,0
83,56.925,0,0
83,55.325,0,0
83,54.285,0,0
83,54.858,0,0
83,54.177,0,0
83,56.474,0,0
83,52.025,0,0
83,54.787,0,0
83,55.079,0,0
83,52.995,0,0
83,54.62,0,0
83,56.368,0,0
83,55.272,0,0
83,55.951,0,0
83,53.362,0,0
83,55.845,0,0
83,54.382,0,0
83,55.292,0,0
83,53.396,0,0
83,55.586,0,0
83,53.942,0,0
83,55.249,0,0
83,54.659,0,0
83,54.919,0,0
83,53.044,0,0
83,57.301,0,0
83,54.69,0,0
83,53.909,0,0
83,55.395,0,0
83,56.704,0,0
83,54.852,0,0
83,59.352,0,0
83,53.566,0,0
83,55.013,0,0
83,54.384,0,0
83,55.143,0,0
83,56.224,0,0
83,54.075,0,0
83,55.154,0,0
83,54.849,0,0
83,56.331,0,0
83,53.214,0,0
83,55.416,0,0
83,51.791,0,0
83,56.321,0,0
83,53.099,0,0
83,52.517,0,0
97,56.877,0,0
97,62.09,0,0
97,67.854,0,0
97,69.049,0,0
97,69.326,0,0
97,68.878,0,0
97,68.936,0,0
97,68.465,0,0
97,67.793,0,0
97,68.249,0,0
97,68.408,0,0
97,68.647,0,0
97,68.452,0,0
97,66.651,0,0
97,70.069,0,0
97,69.22,0,0
97,66.619,0,0
97,68.475,0,0
97,68.445,0,0
97,65.775,0,0
97,66.262,0,0
97,68.57,0,0
97,69.703,0,0
97,69.173,0,0
97,68.267,0,0
97,67.366,0,0
97,65.912,0,0
97,68.879,0,0
97,66.625,0,0
97,67.795,0,0
97,68.807,0,0
97,66.442,0,0
97,66.962,0,0
97,70.221,0,0
97,67.14,0,0
97,68.941,0,0
97,65.233,0,0
97,67.521,0,0
97,68.953,0,0
97,67.898,0,0
97,66.709,0,0
97,66.843,0,0
97,67.958,0,0
97,68.876,0,0
97,66.708,0,0
97,68.747,0,0
97,65.483,0,0
97,67.019,0,0
97,66.004,0,0
97,64.039,0,0
97,67.607,0,0
97,68.513,0,0
97,68.129,0,0
97,68.332,0,0
97,67.163,0,0
97,69.492,0,0
97,67.316,0,0
97,65.509,0,0
97,64.878,0,0
97,64.795,0,0
97,69.187,0,0
97,68.883,0,0
97,66.413,0,0
97,68.163,0,0
97,67.971,0,0
97,65.32,0,0
97,71.386,0,0
97,67.144,0,0
97,68.182,0,0
97,66.451,0,0
97,69.847,0,0
97,69.471,0,0
97,65.771,0,0
97,67.6,0,0
97,65.528,0,0
97,65.105,0,0
97,68.836,0,0
97,66.459,0,0
97,66.451,0,0
97,66.049,0,0
97,66.433,0,0
97,66.807,0,0
97,67.478,0,0
97,68.47,0,0
97,67.106,0,0
97,66.267,0,0
97,66.851,0,0
97,64.946,0,0
97,67.48,0,0
97,68.591,0,0
97,68.814,0,0
97,68.423,0,0
97,66.861,0,0
97,66.749,0,0
97,67.844,0,0
97,67.084,0,0
97,67.555,0,0
97,65.67,0,0
97,64.687,0,0
97,68.22,0,0
97,66.767,0,0
97,68.754,0,0
97,67.815,0,0
97,67.033,0,0
97,67.065,0,0
97,67.931,0,0
97,65.219,0,0
97,66.25,0,0
97,68.157,0,0
97,68.475,0,0
97,68.276,0,0
97,65.258,0,0
97,68.355,0,0
97,66.51,0,0
97,65.815,0,0
97,65.697,0,0
97,65.017,0,0
97,66.205,0,0
97,63.862,0,0
97,64.803,0,0
97,67.158,0,0
97,65.75,0,0
97,64.557,0,0
97,65.386,0,0
97,65.165,0,0
97,66.526,0,0
97,69.197,0,0
97,67.58,0,0
97,66.351,0,0
97,66.426,0,0
97,65.916,0,0
97,66.426,0,0
97,66.041,0,0
97,66.788,0,0
97,66.379,0,0
97,70.31,0,0
97,66.455,0,0
97,66.432,0,0
97,66.155,0,0
97,67.718,0,0
97,65.83,0,0
97,67.464,0,0
97,67.906,0,0
97,65.528,0,0
97,66.611,0,0
97,67.211,0,0
97,67.167,0,0
97,65.284,0,0
97,66.237,0,0
97,64.283,0,0
97,69.359,0,0
97,67.647,0,0
97,69.566,0,0
97,67.158,0,0
97,66.587,0,0
97,64.152,0,0
97,67.179,0,0
97,70.892,0,0
97,66.717,0,0
97,68.164,0,0
97,65.495,0,0
97,66.095,0,0
97,64.784,0,0
97,67.258,0,0
97,66.473,0,0
97,66.41,0,0
97,68.012,0,0
97,66.379,0,0
97,67.367,0,0
97,67.923,0,0
97,65.574,0,0
97,66.447,0,0
97,65.889,0,0
97,67.63,0,0
97,63.842,0,0
97,65.272,0,0
97,67.113,0,0
97,68.263,0,0
97,65.418,0,0
97,65.925,0,0
97,65.524,0,0
97,65.348,0,0
97,67.208,0,0
97,67.262,0,0
97,67.511,0,0
97,70.689,0,0
97,66.655,0,0
97,68.189,0,0
97,66.869,0,0
97,65.974,0,0
97,66.471,0,0
97,66.053,0,0
97,64.214,0,0
97,65.804,0,0
97,66.815,0,0
97,66.519,0,0
97,66.75,0,0
97,68.522,0,0
97,66.286,0,0
97,65.165,0,0
97,64.449,0,0
97,67.808,0,0
97,66.317,0,0
97,65.883,0,0
97,66.868,0,0
97,66.96,0,0
97,64.872,0,0
97,66.745,0,0
97,67.824,0,0
97,68.311,0,0
97,67.606,0,0
97,66.691,0,0
97,67.152,0,0
97,68.096,0,0
97,67.147,0,0
97,66.876,0,0
97,66.661,0,0
97,64.784,0,0
97,67.017,0,0
97,69.211,0,0
97,68.563,0,0
97,66.925,0,0
97,66.528,0,0
97,65.118,0,0
97,66.539,0,0
97,68.913,0,0
97,66.784,0,0
97,65.921,0,0
97,64.826,0,0
97,69.115,0,0
97,65.975,0,0
97,65.853,0,0
97,67.195,0,0
97,64.672,0,0
97,65.666,0,0
97,67.827,0,0
97,65.726,0,0
97,66.645,0,0
97,64.832,0,0
97,64.84,0,0
97,65.868,0,0
97,66.28,0,0
97,63.66,0,0
97,63.776,0,0
97,65.805,0,0
97,66.555,0,0
97,65.855,0,0
97,66.083,0,0
97,66.795,0,0
97,68.335,0,0
97,66.002,0,0
97,64.952,0,0
97,71.066,0,0
97,66.624,0,0
97,65.247,0,0
97,65.255,0,0
97,68.11,0,0
97,64.004,0,0
97,66.107,0,0
97,65.685,0,0
97,65.088,0,0
97,65.832,0,0
97,65.885,0,0
97,67.222,0,0
97,66.5,0,0
97,63.949,0,0
97,63.989,0,0
97,62.301,0,0
97,65.083,0,0
97,65.215,0,0
97,66.416,0,0
97,63.314,0,0
97,69.102,0,0
97,66.231,0,0
97,65.625,0,0
97,65.647,0,0
97,66.064,0,0
97,65.231,0,0
97,64.371,0,0
97,69.492,0,0
97,66.794,0,0
97,67.077,0,0
97,65.75,0,0
97,65.292,0,0
97,66.616,0,0
97,65.516,0,0
97,67.259,0,0
97,62.926,0,0
97,64.193,0,0
97,66.079,0,0
97,62.866,0,0
97,65.147,0,0
97,65.803,0,0
97,67.83,0,0
97,65.895,0,0
97,66.568,0,0
97,65.895,0,0
97,64.889,0,0
97,65.254,0,0
97,65.257,0,0
97,66.794,0,0
97,65.517,0,0
97,65.598,0,0
97,65.059,0,0
97,66.307,0,0
97,64.698,0,0
97,65.387,0,0
97,67.324,0,0
97,67.888,0,0
97,66.068,0,0
97,67.431,0,0
97,66.916,0,0
97,67.551,0,0
97,64.306,0,0
97,65.785,0,0
97,67.874,0,0
97,65.291,0,0
97,66.062,0,0
97,65.101,0,0
97,65.079,0,0
97,65.903,0,0
97,68.048,0,0
97,66.698,0,0
97,65.738,0,0
97,65.897,0,0
97,68.375,0,0
97,66.772,0,0
97,66.228,0,0
97,66.943,0,0
97,65.254,0,0
97,64.296,0,0
97,68.776,0,0
97,64.001,0,0
97,69.072,0,0
97,64.548,0,0
97,65.14,0,0
97,64.085,0,0
97,66.173,0,0
97,63.828,0,0
97,64.217,0,0
97,64.632,0,0
97,64.317,0,0
97,67.412,0,0
97,67.572,0,0
97,68.845,0,0
97,66.801,0,0
97,66.279,0,0
97,65.139,0,0
97,66.26,0,0
97,64.032,0,0
97,64.933,0,0
97,67.036,0,0
97,65.141,0,0
97,66.925,0,0
97,65.541,0,0
97,65.288,0,0
97,64.639,0,0
97,66.269,0,0
97,67.907,0,0
97,66.564,0,0
97,66.336,0,0
97,68.011,0,0
97,67.339,0,0
97,66.531,0,0
97,67.222,0,0
97,65.771,0,0
97,67.747,0,0
97,66.843,0,0
97,65.618,0,0
97,63.991,0,0
97,69.498,0,0
97,67.63,0,0
97,67.392,0,0
97,66.855,0,0
97,67.062,0,0
97,67.135,0,0
97,65.593,0,0
97,66.667,0,0
97,65.465,0,0
97,67.585,0,0
97,65.218,0,0
97,67.66,0,0
97,67.277,0,0
97,68.178,0,0
97,67.891,0,0
97,64.158,0,0
97,66.761,0,0
97,66.773,0,0
97,64.785,0,0
97,65.235,0,0
97,65.535,0,0
97,64.229,0,0
97,65.921,0,0
97,67.739,0,0
97,65.434,0,0
97,64.795,0,0
97,68.863,0,0
97,64.786,0,0
97,66.39,0,0
97,67.771,0,0
97,68.348,0,0
97,67.655,0,0
97,68.187,0,0
97,68.123,0,0
97,67.075,0,0
97,66.241,0,0
97,65.696,0,0
97,64.11,0,0
97,66.989,0,0
97,67.647,0,0
97,66.354,0,0
97,67.039,0,0
97,65.779,0,0
97,65.976,0,0
97,65.856,0,0
97,66.349,0,0
97,68.194,0,0
97,68.59,0,0
97,66.142,0,0
97,65.081,0,0
97,66.341,0,0
97,68.213,0,0
97,65.521,0,0
97,65.178,0,0
97,66.172,0,0
97,68.659,0,0
97,68.522,0,0
97,67.457,0,0
97,64.383,0,0
97,66.278,0,0
97,69.452,0,0
97,64.186,0,0
97,65.106,0,0
97,66.275,0,0
97,65.654,0,0
97,64.497,0,0
97,67.113,0,0
97,63.511,0,0
97,66.615,0,0
97,67.695,0,0
97,65.98,0,0
97,65.929,0,0
97,66.413,0,0
97,66.609,0,0
97,65.741,0,0
97,68.459,0,0
97,66.493,0,0
97,65.834,0,0
97,67.148,0,0
97,65.66,0,0
97,66.552,0,0
97,64.765,0,0
97,68.39,0,0
97,66.915,0,0
97,64.64,0,0
97,68.276,0,0
97,63.694,0,0
97,65.17,0,0
97,64.251,0,0
97,63.97,0,0
97,65.821,0,0
97,67.106,0,0
97,66.725,0,0
97,65.46,0,0
97,64.111,0,0
97,65.159,0,0
97,63.894,0,0
97,64.263,0,0
97,65.92,0,0
97,67.366,0,0
97,65.536,0,0
97,66.611,0,0
97,67.813,0,0
97,62.623,0,0
97,66.852,0,0
97,64.333,0,0
97,64.998,0,0
97,69.221,0,0
97,65.007,0,0
97,65.954,0,0
97,66.846,0,0
97,65.854,0,0
97,65.025,0,0
97,66.444,0,0
97,67.941,0,0
97,66.783,0,0
97,67.08,0,0
97,69.559,0,0
97,66.354,0,0
97,62.538,0,0
97,66.137,0,0
97,66.919,0,0
97,65.765,0,0
97,65.519,0,0
97,68.397,0,0
97,69.159,0,0
97,64.116,0,0
97,67.427,0,0
97,67.249,0,0
97,69.536,0,0
97,67.679,0,0
97,66.147,0,0
97,67.11,0,0
97,66.632,0,0
97,67.223,0,0
97,65.086,0,0
97,68.295,0,0
97,70.225,0,0
97,66.906,0,0
97,67.683,0,0
97,66.706,0,0
97,65.278,0,0
97,67.061,0,0
97,66.527,0,0
97,65.319,0,0
97,69.088,0,0
97,66.258,0,0
97,66.695,0,0
97,67.922,0,0
97,64.401,0,0
97,66.783,0,0
97,66.939,0,0
97,64.783,0,0
97,67.974,0,0
97,63.141,0,0
97,68.428,0,0
97,66.122,0,0
97,63.146,0,0
97,65.379,0,0
97,65.183,0,0
97,67.811,0,0
97,62.349,0,0
97,64.473,0,0
97,68.629,0,0
97,67.638,0,0
97,67.209,0,0
97,65.398,0,0
97,67.805,0,0
97,65.052,0,0
97,66.825,0,0
97,68.439,0,0
97,67.824,0,0
97,65.021,0,0
97,65.826,0,0
97,65.133,0,0
97,63.422,0,0
97,66.942,0,0
97,66.694,0,0
97,66.605,0,0
97,66.576,0,0
97,68.105,0,0
97,64.944,0,0
97,66.102,0,0
97,67.532,0,0
97,68.227,0,0
97,66.291,0,0
97,67.566,0,0
97,66.983,0,0
97,67.501,0,0
97,68.251,0,0
97,68.594,0,0
97,65.949,0,0
97,67.902,0,0
97,63.613,0,0
97,67.265,0,0
97,65.354,0,0
97,66.914,0,0
97,64.679,0,0
97,66.167,0,0
97,68.419,0,0
97,67.956,0,0
97,67.673,0,0
97,67.934,0,0
97,66.009,0,0
97,67.502,0,0
97,65.096,0,0
97,67.177,0,0
97,67.739,0,0
97,67.181,0,0
97,63.09,0,0
97,69.353,0,0
97,64.522,0,0
97,65.836,0,0
97,68.529,0,0
97,64.85,0,0
97,63.937,0,0
97,64.942,0,0
97,66.079,0,0
97,68.694,0,0
97,66.612,0,0
97,65.669,0,0
97,65.586,0,0
97,66.095,0,0
97,67.449,0,0
97,67.124,0,0
97,66.257,0,0
97,64.394,0,0
97,66.081,0,0
97,68.011,0,0
97,63.469,0,0
97,64.65,0,0
97,64.394,0,0
97,64.584,0,0
97,66.741,0,0
97,67.755,0,0
97,65.961,0,0
97,64.903,0,0
97,67.905,0,0
97,64.311,0,0
97,68.279,0,0
97,65.675,0,0
97,67.722,0,0
97,67.67,0,0
97,65.032,0,0
97,64.449,0,0
97,64.686,0,0
97,64.755,0,0
97,66.884,0,0
97,65.71,0,0
97,65.32,0,0
97,65.851,0,0
97,64.206,0,0
97,67.175,0,0
97,65.663,0,0
97,66.111,0,0
97,67.894,0,0
97,63.465,0,0
97,64.049,0,0
97,65.412,0,0
97,65.258,0,0
97,65.83,0,0
97,66.375,0,0
97,67.293,0,0
97,65.735,0,0
97,65.875,0,0
97,65.109,0,0
97,63.436,0,0
97,64.734,0,0
97,65.073,0,0
97,65.282,0,0
97,66.718,0,0
97,67.967,0,0
97,65.544,0,0
97,67.233,0,0
97,63.359,0,0
97,66.998,0,0
97,68.451,0,0
97,65.182,0,0
97,66.375,0,0
97,65.404,0,0
97,65.724,0,0
97,64.711,0,0
97,67.898,0,0
97,66.412,0,0
97,63.866,0,0
97,66.399,0,0
97,65.298,0,0
97,65.81,0,0
97,65.912,0,0
97,64.427,0,0
97,67.984,0,0
97,64.475,0,0
97,67.91,0,0
97,67.901,0,0
97,64.954,0,0
98,67.757,0,0
98,68.414,0,0
98,66.473,0,0
98,69.404,0,0
98,67.564,0,0
98,69.969,0,0
98,68.365,0,0
98,67.648,0,0
98,69.7,0,0
98,67.695,0,0
98,67.143,0,0
98,66.707,0,0
98,69.27,0,0
98,67.433,0,0
98,67.7,0,0
98,67.754,0,0
98,67.906,0,0
98,65.872,0,0
98,67.055,0,0
98,69.097,0,0
98,68.662,0,0
98,68.245,0,0
98,66.029,0,0
98,67.364,0,0
98,67.408,0,0
98,69.489,0,0
98,67.608,0,0
98,64.24,0,0
98,67.146,0,0
98,67.786,0,0
98,67.947,0,0
98,67.335,0,0
98,66.711,0,0
98,65.031,0,0
98,66.937,0,0
98,67.14,0,0
98,68.731,0,0
98,67.95,0,0
98,67.345,0,0
98,68.645,0,0
98,65.736,0,0
98,67.79,0,0
98,68.367,0,0
98,68.366,0,0
98,68.685,0,0
98,68.645,0,0
98,66.98,0,0
98,69.58,0,0
98,69.469,0,0
98,68.167,0,0
98,66.768,0,0
98,67.617,0,0
98,66.897,0,0
98,67.515,0,0
98,69.392,0,0
98,70.824,0,0
98,68.626,0,0
98,67.33,0,0
98,69.202,0,0
98,67.586,0,0
98,68.294,0,0
98,69.154,0,0
98,69.212,0,0
98,67.293,0,0
98,66.723,0,0
98,70.529,0,0
98,66.031,0,0
98,69.372,0,0
98,70.334,0,0
98,67.929,0,0
98,70.141,0,0
98,67.379,0,0
98,68.446,0,0
98,68.716,0,0
98,64.972,0,0
98,67.546,0,0
98,71.422,0,0
98,70.518,0,0
98,70.555,0,0
98,65.899,0,0
98,66.304,0,0
98,66.573,0,0
98,67.728,0,0
98,69.755,0,0
98,69.485,0,0
98,69.273,0,0
98,70.945,0,0
98,69.88,0,0
98,67.147,0,0
98,69.566,0,0
98,67.363,0,0
98,67.71,0,0
98,69.25,0,0
98,67.035,0,0
98,66.504,0,0
98,66.815,0,0
98,69.028,0,0
98,64.961,0,0
98,70.276,0,0
98,63.681,0,0
98,66.036,0,0
98,67.49,0,0
98,68.225,0,0
98,66.871,0,0
98,68.913,0,0
98,69.116,0,0
98,69.964,0,0
98,69.233,0,0
98,68.6,0,0
98,68.084,0,0
98,67.108,0,0
98,70.502,0,0
98,69.85,0,0
98,67.161,0,0
98,67.571,0,0
98,65.612,0,0
98,67.847,0,0
98,67.869,0,0
98,68.739,0,0
98,67.784,0,0
98,68.867,0,0
98,68.076,0,0
98,64.843,0,0
98,67.577,0,0
98,68.114,0,0
98,65.187,0,0
98,66.809,0,0
98,68.389,0,0
98,65.923,0,0
98,65.367,0,0
98,70.611,0,0
98,65.04,0,0
98,67.568,0,0
98,71.028,0,0
98,68.267,0,0
98,66.019,0,0
98,66.612,0,0
98,67.748,0,0
98,66.59,0,0
98,68.201,0,0
98,68.407,0,0
98,67.807,0,0
98,66.505,0,0
98,68.148,0,0
98,70.476,0,0
98,68.903,0,0
98,69.093,0,0
98,67.24,0,0
98,66.439,0,0
98,67.803,0,0
98,67.566,0,0
98,69.938,0,0
98,67.286,0,0
98,67.434,0,0
98,65.81,0,0
98,69.196,0,0
98,65.474,0,0
98,69.789,0,0
98,66.735,0,0
98,68.049,0,0
98,66.277,0,0
98,68.884,0,0
98,64.201,0,0
98,69.846,0,0
98,69.478,0,0
98,68.123,0,0
98,67.326,0,0
98,66.789,0,0
98,67.85,0,0
98,68.03,0,0
98,67.695,0,0
98,68.515,0,0
98,67.313,0,0
98,67.82,0,0
98,66.083,0,0
98,65.321,0,0
98,69.325,0,0
98,69.385,0,0
98,66.877,0,0
98,67.413,0,0
98,66.013,0,0
98,68.868,0,0
98,68.373,0,0
98,65.639,0,0
98,65.41,0,0
98,68.489,0,0
98,65.175,0,0
98,68.744,0,0
98,67.278,0,0
98,68.316,0,0
98,67.301,0,0
98,68.168,0,0
98,68.026,0,0
98,66.93,0,0
98,66.976,0,0
98,69.305,0,0
98,66.202,0,0
98,68.251,0,0
98,71.117,0,0
98,67.149,0,0
98,67.609,0,0
98,64.339,0,0
98,68.007,0,0
98,68.899,0,0
98,67.264,0,0
98,69.397,0,0
98,70.48,0,0
98,67.601,0,0
98,67.142,0,0
98,68.463,0,0
98,68.872,0,0
98,70.298,0,0
98,68.627,0,0
98,70.28,0,0
98,67.24,0,0
98,70.43,0,0
98,66.245,0,0
98,68.33,0,0
98,67.385,0,0
98,67.686,0,0
98,68.048,0,0
98,69.057,0,0
98,69.146,0,0
98,67.652,0,0
98,70.937,0,0
98,66.576,0,0
98,66.958,0,0
98,68.466,0,0
98,68.688,0,0
98,66.497,0,0
98,68.091,0,0
98,66.281,0,0
98,67.46,0,0
98,67.643,0,0
98,68.069,0,0
98,69.084,0,0
98,68.888,0,0
98,70.849,0,0
98,68.833,0,0
98,66.219,0,0
98,67.733,0,0
98,67.915,0,0
98,69.551,0,0
98,67.743,0,0
98,70.313,0,0
98,68.187,0,0
98,67.927,0,0
98,69.975,0,0
98,67.8,0,0
98,70.007,0,0
98,69.656,0,0
98,67.756,0,0
98,70.442,0,0
98,69.106,0,0
98,70.689,0,0
98,69.422,0,0
98,71.126,0,0
98,71.471,0,0
98,68.265,0,0
98,69.116,0,0
98,67.928,0,0
98,67.485,0,0
98,69.174,0,0
98,67.015,0,0
98,69.599,0,0
98,67.775,0,0
98,67.645,0,0
98,68.965,0,0
98,68.773,0,0
98,69.16,0,0
98,68.343,0,0
98,68.796,0,0
98,67.387,0,0
98,65.777,0,0
98,68.061,0,0
98,66.022,0,0
98,67.574,0,0
98,68.79,0,0
98,69.012,0,0
98,68.306,0,0
98,67.225,0,0
98,69.614,0,0
98,68.557,0,0
98,66.883,0,0
98,69.525,0,0
98,68.366,0,0
98,67.757,0,0
98,68.374,0,0
98,66.421,0,0
98,69.055,0,0
98,67.406,0,0
98,67.882,0,0
98,68.254,0,0
98,68.539,0,0
98,67.582,0,0
98,67.509,0,0
98,67.949,0,0
98,67.819,0,0
98,69.748,0,0
98,67.932,0,0
98,68.004,0,0
98,69.201,0,0
98,69.128,0,0
98,70.906,0,0
98,68.713,0,0
98,65.668,0,0
98,67.243,0,0
98,68.023,0,0
98,69.123,0,0
98,67.838,0,0
98,66.862,0,0
98,72.601,0,0
98,66.561,0,0
98,70.114,0,0
98,70.096,0,0
98,69.709,0,0
98,68.001,0,0
98,67.342,0,0
98,69.374,0,0
98,68.245,0,0
98,68.076,0,0
98,69.62,0,0
98,66.024,0,0
98,64.567,0,0
98,67.146,0,0
98,69.026,0,0
98,68.165,0,0
98,69.035,0,0
98,70.251,0,0
98,68.061,0,0
98,69.058,0,0
98,68.725,0,0
98,66.343,0,0
98,68.429,0,0
98,67.885,0,0
98,66.604,0,0
98,67.465,0,0
98,67.335,0,0
98,66.261,0,0
98,68.148,0,0
98,66.859,0,0
98,68.919,0,0
98,69.589,0,0
98,68.019,0,0
98,69.902,0,0
98,71.162,0,0
98,65.943,0,0
98,66.447,0,0
98,65.814,0,0
98,68.329,0,0
98,71.008,0,0
98,68.464,0,0
98,69.057,0,0
98,70.668,0,0
98,69.211,0,0
98,68.55,0,0
98,70.088,0,0
98,67.643,0,0
98,66.582,0,0
98,66.99,0,0
98,68.847,0,0
98,68.188,0,0
98,69.45,0,0
98,68.271,0,0
98,71.001,0,0
98,68.518,0,0
98,71.713,0,0
98,65.95,0,0
98,65.579,0,0
98,69.352,0,0
98,66.741,0,0
98,65.774,0,0
98,66.296,0,0
98,68.74,0,0
98,68.458,0,0
98,67.218,0,0
98,68.855,0,0
98,69.924,0,0
98,66.236,0,0
98,65.477,0,0
98,67.366,0,0
98,67.537,0,0
98,70.007,0,0
98,67.34,0,0
98,69.219,0,0
98,66.297,0,0
98,66.629,0,0
98,67.78,0,0
98,68.245,0,0
98,68.271,0,0
98,66.808,0,0
98,69.42,0,0
98,66.647,0,0
98,66.811,0,0
98,64.842,0,0
98,68.146,0,0
98,69.877,0,0
98,68.007,0,0
98,66.803,0,0
98,66.876,0,0
98,65.113,0,0
98,68.533,0,0
98,66.913,0,0
98,65.802,0,0
98,70.248,0,0
98,67.055,0,0
98,65.675,0,0
98,66.389,0,0
98,68.219,0,0
98,65.828,0,0
98,65.113,0,0
98,67.058,0,0
98,70.329,0,0
98,68.785,0,0
98,68.957,0,0
98,68.938,0,0
98,66.381,0,0
98,64.674,0,0
98,68.011,0,0
98,68.942,0,0
98,65.205,0,0
98,68.177,0,0
98,67.444,0,0
98,66.21,0,0
98,66.265,0,0
98,67.637,0,0
98,65.813,0,0
98,64.098,0,0
98,63.864,0,0
98,68.37,0,0
98,67.753,0,0
98,67.994,0,0
98,66.401,0,0
98,68.01,0,0
98,66.402,0,0
98,68.192,0,0
98,65.941,0,0
98,66.723,0,0
98,66.836,0,0
98,66.896,0,0
98,67.421,0,0
98,65.427,0,0
98,69.273,0,0
98,67.29,0,0
98,66.796,0,0
98,66.531,0,0
98,65.569,0,0
98,67.564,0,0
98,67.874,0,0
98,70.697,0,0
98,65.808,0,0
98,67.938,0,0
98,68.809,0,0
98,67.764,0,0
98,67.127,0,0
98,69.342,0,0
98,66.812,0,0
98,68.326,0,0
98,69.151,0,0
98,65.394,0,0
98,66.355,0,0
98,67.042,0,0
98,65.174,0,0
98,67.092,0,0
98,64.796,0,0
98,64.277,0,0
98,66.799,0,0
98,68.122,0,0
98,68.137,0,0
98,67.031,0,0
98,66.732,0,0
98,69.723,0,0
98,69.341,0,0
98,67.596,0,0
98,66.815,0,0
98,68.911,0,0
98,67.655,0,0
98,67.753,0,0
98,67.014,0,0
98,68.245,0,0
98,68.483,0,0
98,68.454,0,0
98,69.761,0,0
98,68.806,0,0
98,67.853,0,0
98,67.563,0,0
98,67.381,0,0
98,66.954,0,0
98,69.548,0,0
98,67.932,0,0
98,69.481,0,0
98,68.85,0,0
98,66.515,0,0
98,68.058,0,0
98,68.111,0,0
98,67.61,0,0
98,66.147,0,0
98,66.539,0,0
98,67.917,0,0
98,67.4,0,0
98,66.97,0,0
98,67.584,0,0
98,66.995,0,0
98,66.955,0,0
98,67.84,0,0
98,68.79,0,0
98,68.124,0,0
98,66.442,0,0
98,67.371,0,0
98,69.429,0,0
98,69.653,0,0
98,68.746,0,0
98,66.43,0,0
98,68.294,0,0
98,68.813,0,0
98,66.251,0,0
98,70.215,0,0
98,65.387,0,0
98,68.13,0,0
98,66.051,0,0
98,68.937,0,0
98,69.069,0,0
98,68.081,0,0
98,65.437,0,0
98,66.157,0,0
98,67.055,0,0
98,69.418,0,0
98,67.217,0,0
98,69.61,0,0
98,68.906,0,0
98,67.554,0,0
98,69.872,0,0
98,68.603,0,0
98,70.975,0,0
98,67.835,0,0
98,68.03,0,0
98,68.321,0,0
98,68.556,0,0
98,68.82,0,0
98,67.546,0,0
98,65.75,0,0
98,70.786,0,0
98,65.418,0,0
98,68.071,0,0
98,69.226,0,0
98,67.835,0,0
98,69.097,0,0
98,69.151,0,0
98,69.159,0,0
98,68.48,0,0
98,67.04,0,0
98,71.326,0,0
98,68.73,0,0
98,68.444,0,0
98,70.486,0,0
98,68.07,0,0
98,68.807,0,0
98,66.751,0,0
98,68.542,0,0
98,68.608,0,0
98,71.54,0,0
98,67.343,0,0
98,67.446,0,0
98,67.642,0,0
98,67.654,0,0
98,66.089,0,0
98,67.931,0,0
98,68.003,0,0
98,69.055,0,0
98,69.369,0,0
98,69.331,0,0
98,66.989,0,0
98,68.926,0,0
98,68.194,0,0
98,71.163,0,0
98,68.811,0,0
98,68.95,0,0
98,67.303,0,0
98,66.388,0,0
98,67.87,0,0
98,67.808,0,0
98,69.623,0,0
98,68.315,0,0
98,68.911,0,0
98,67.972,0,0
98,69.441,0,0
98,67.576,0,0
98,69.759,0,0
98,66.427,0,0
98,69.153,0,0
98,67.61,0,0
98,67.375,0,0
98,68.351,0,0
98,67.781,0,0
98,68.752,0,0
98,68.394,0,0
98,70.393,0,0
98,66.747,0,0
98,69.931,0,0
98,66.92,0,0
98,65.947,0,0
98,65.556,0,0
98,69.464,0,0
98,69.368,0,0
98,65.699,0,0
98,68.458,0,0
98,70.687,0,0
98,71.202,0,0
98,68.593,0,0
98,67.584,0,0
98,68.769,0,0
98,70.061,0,0
98,65.873,0,0
98,69.297,0,0
98,68.218,0,0
98,66.873,0,0
98,68.066,0,0
98,68.201,0,0
98,68.902,0,0
98,66.713,0,0
98,67.953,0,0
98,66.533,0,0
98,68.864,0,0
98,70.171,0,0
98,69.108,0,0
98,67.262,0,0
98,69.102,0,0
98,66.797,0,0
98,67.528,0,0
98,71.145,0,0
98,66.023,0,0
98,67.215,0,0
98,68.919,0,0
98,71.435,0,0
98,67.57,0,0
98,71.258,0,0
98,65.508,0,0
98,68.676,0,0
98,66.148,0,0
98,68.95,0,0
98,68.467,0,0
98,68.432,0,0
98,68.537,0,0
98,67.265,0,0
98,68.817,0,0
98,69.473,0,0
98,67.757,0,0
98,68.71,0,0
98,68.827,0,0
98,67.83,0,0
98,65.343,0,0
98,68.789,0,0
98,65.001,0,0
98,68.317,0,0
98,69.988,0,0
98,67.369,0,0
98,67.793,0,0
98,67.589,0,0
98,71.107,0,0
98,66.047,0,0
98,68.044,0,0
98,69.874,0,0
98,70.213,0,0
98,68.07,0,0
98,71.081,0,0
98,69.182,0,0
98,66.445,0,0
98,68.02,0,0
98,67.412,0,0
98,67.548,0,0
98,70.147,0,0
98,68.483,0,0
98,66.099,0,0
98,69.4,0,0
98,69.413,0,0
98,70.751,0,0
98,70.265,0,0
98,67.783,0,0
98,65.583,0,0
98,66.692,0,0
98,66.609,0,0
98,66.001,0,0
98,70.555,0,0
98,67.826,0,0
98,69.995,0,0
98,66.323,0,0
98,65.99,0,0
98,70.106,0,0
98,66.521,0,0
98,68.629,0,0
98,67.135,0,0
98,66.683,0,0
98,66.686,0,0
98,68.009,0,0
98,64.271,0,0
98,68.914,0,0
98,69.503,0,0
98,67.651,0,0
98,66.594,0,0
98,68.565,0,0
98,71.565,0,0
98,69.611,0,0
98,65.832,0,0
98,68.132,0,0
98,69.079,0,0
98,66.735,0,0
98,70.804,0,0
98,69.655,0,0
98,68.104,0,0
98,67.388,0,0
98,67.225,0,0
98,66.241,0,0
98,69.845,0,0
98,69.7,0,0
98,68.298,0,0
98,68.617,0,0
98,67.901,0,0
98,67.454,0,0
98,69.962,0,0
98,70.689,0,0
98,66.469,0,0
98,66.182,0,0
98,68.922,0,0
98,69.988,0,0
98,68.66,0,0
98,68.548,0,0
98,68.43,0,0
98,69.84,0,0
98,66.235,0,0
98,67.669,0,0
98,66.958,0,0
98,67.824,0,0
98,66.623,0,0
98,71.449,0,0
98,65.771,0,0
98,68.099,0,0
98,67.981,0,0
98,67.108,0,0
98,67.817,0,0
98,69.722,0,0
98,68.682,0,0
98,66.264,0,0
98,65.795,0,0
98,66.635,0,0
98,69.538,0,0
98,67.933,0,0
98,68.901,0,0
98,67.817,0,0
98,67.687,0,0
98,67.451,0,0
98,64.018,0,0
98,67.322,0,0
98,65.596,0,0
98,65.605,0,0
98,67.271,0,0
98,70.058,0,0
98,68.21,0,0
98,66.028,0,0
98,66.638,0,0
98,67.342,0,0
98,69,0,0
98,68.264,0,0
98,67.393,0,0
98,66.518,0,0
98,67.905,0,0
98,66.318,0,0
98,66.22,0,0
98,68.121,0,0
98,68.116,0,0
98,66.187,0,0
98,67.049,0,0
98,67.867,0,0
98,68.553,0,0
98,67.166,0,0
98,68.05,0,0
98,68.566,0,0
98,69.218,0,0
98,68.474,0,0
98,66.559,0,0
98,66.16,0,0
98,69.712,0,0
98,68.747,0,0
98,68.428,0,0
98,70.361,0,0
98,68.376,0,0
98,67.734,0,0
98,68.598,0,0
98,67.112,0,0
98,68.099,0,0
98,68.137,0,0
98,69.703,0,0
98,68.531,0,0
98,66.205,0,0
98,69.705,0,0
98,69.94,0,0
98,67.274,0,0
98,67.574,0,0
98,67.264,0,0
98,68.318,0,0
98,67.44,0,0
98,69.403,0,0
98,69.661,0,0
98,67.378,0,0
98,68.505,0,0
98,68.435,0,0
98,69.028,0,0
98,71.03,0,0
98,67.352,0,0
98,70.012,0,0
98,69.199,0,0
98,70.785,0,0
98,70.652,0,0
98,68.481,0,0
98,69.282,0,0
98,68.261,0,0
98,66.123,0,0
98,70.579,0,0
98,68.765,0,0
98,70.247,0,0
98,68.548,0,0
98,70.467,0,0
98,65.854,0,0
98,69.947,0,0
98,67.373,0,0
98,69.18,0,0
98,68.73,0,0
98,70.36,0,0
98,67.883,0,0
98,69.299,0,0
98,68.716,0,0
98,70.238,0,0
98,68.25,0,0
98,68.528,0,0
98,68.601,0,0
98,69.96,0,0
98,68.093,0,0
98,66.473,0,0
98,69.312,0,0
98,66.751,0,0
98,66.971,0,0
98,69.379,0,0
98,69.379,0,0
98,66.188,0,0
98,70.136,0,0
98,67.534,0,0
98,70.429,0,0
98,67.996,0,0
98,66.151,0,0
98,68.596,0,0
98,70.857,0,0
98,71.387,0,0
98,69.214,0,0
98,67.932,0,0
98,67.963,0,0
98,70.56,0,0
98,67.766,0,0
98,69.986,0,0
98,67.747,0,0
98,67.609,0,0
98,69.94,0,0
98,68.793,0,0
98,67.96,0,0
98,69.8,0,0
98,66.786,0,0
98,70.327,0,0
98,68.001,0,0
98,69.452,0,0
98,69.805,0,0
98,68.478,0,0
98,67.392,0,0
98,65.745,0,0
98,68.655,0,0
98,68.898,0,0
98,73.038,0,0
98,68.67,0,0
98,70.265,0,0
98,69.587,0,0
98,66.162,0,0
98,68.113,0,0
98,69.006,0,0
98,66.615,0,0
98,70.552,0,0
98,69.993,0,0
98,68.07,0,0
98,69.018,0,0
98,66.647,0,0
98,67.95,0,0
98,71.458,0,0
98,70.422,0,0
98,68.732,0,0
98,70.018,0,0
98,69.867,0,0
98,68.449,0,0
98,67.9,0,0
98,68.381,0,0
98,68.322,0,0
98,67.804,0,0
98,66.546,0,0
98,67.173,0,0
98,69.847,0,0
98,67.304,0,0
98,69.45,0,0
98,68.889,0,0
98,66.809,0,0
98,69.678,0,0
98,68.999,0,0
98,69.589,0,0
98,68.348,0,0
98,69.345,0,0
98,69.976,0,0
98,69.913,0,0
98,71.45,0,0
98,71.642,0,0
98,68.844,0,0
98,68.691,0,0
98,70.361,0,0
98,69.149,0,0
98,67.746,0,0
98,68.599,0,0
98,70.22,0,0
98,71.908,0,0
98,67.855,0,0
98,67.914,0,0
98,66.409,0,0
98,69.12,0,0
98,66.839,0,0
98,67.736,0,0
98,67.591,0,0
98,72.041,0,0
98,69.775,0,0
98,69.578,0,0
98,68.414,0,0
98,68.831,0,0
98,67.201,0,0
98,68.783,0,0
98,69.335,0,0
98,67.037,0,0
98,68.747,0,0
98,66.149,0,0
98,70.978,0,0
98,71.363,0,0
98,69.34,0,0
98,67.555,0,0
98,67.346,0,0
98,69.105,0,0
98,70.913,0,0
98,69.468,0,0
98,70.789,0,0
98,67.725,0,0
98,67.257,0,0
98,70.516,0,0
98,69.667,0,0
98,67.379,0,0
98,67.74,0,0
98,71.244,0,0
98,68.079,0,0
98,69.953,0,0
98,68.574,0,0
98,69.199,0,0
98,67.623,0,0
98,69.76,0,0
98,69.42,0,0
98,68.856,0,0
98,69.085,0,0
98,69.966,0,0
98,69.864,0,0
98,70.455,0,0
98,66.894,0,0
98,69.289,0,0
98,71.016,0,0
98,70.155,0,0
98,70.716,0,0
98,72.264,0,0
98,69.186,0,0
98,66.317,0,0
98,67.567,0,0
98,67.819,0,0
98,67.187,0,0
98,68.087,0,0
98,70.219,0,0
98,69.793,0,0
98,68.737,0,0
98,66.373,0,0
98,67.283,0,0
98,70.255,0,0
98,66.711,0,0
98,70.93,0,0
98,68.391,0,0
98,68.572,0,0
98,70,0,0
98,66.799,0,0
98,66.775,0,0
98,68.766,0,0
98,67.629,0,0
98,68.575,0,0
98,70.465,0,0
98,70.004,0,0
98,70.279,0,0
98,70.202,0,0
98,69.117,0,0
98,69.318,0,0
98,68.02,0,0
98,68.567,0,0
98,67.877,0,0
98,67.078,0,0
98,69.651,0,0
98,67.321,0,0
98,67.778,0,0
98,68.58,0,0
98,71.137,0,0
98,70.251,0,0
98,70.469,0,0
98,69.752,0,0
98,69.406,0,0
98,66.996,0,0
98,69.492,0,0
98,68.975,0,0
98,72.449,0,0
98,67.121,0,0
98,67.417,0,0
98,66.476,0,0
98,70.543,0,0
98,70.337,0,0
98,68.394,0,0
98,68.776,0,0
98,68.125,0,0
98,67.407,0,0
98,71.188,0,0
98,66.059,0,0
98,70.147,0,0
98,69.637,0,0
98,65.392,0,0
98,69.677,0,0
98,69.268,0,0
98,69.926,0,0
98,71.073,0,0
98,69.859,0,0
98,69.497,0,0
98,67.123,0,0
98,70.143,0,0
98,71.262,0,0
98,70.241,0,0
98,66.927,0,0
98,70.148,0,0
98,67.702,0,0
98,67.423,0,0
98,66.731,0,0
98,70.682,0,0
98,69.262,0,0
98,67.47,0,0
98,69.594,0,0
98,71.118,0,0
98,67.221,0,0
98,68.434,0,0
98,68.689,0,0
98,66.242,0,0
98,70.264,0,0
98,68.524,0,0
98,67.807,0,0
98,68.075,0,0
98,69.464,0,0
98,68.521,0,0
98,70.433,0,0
98,68.299,0,0
98,68.567,0,0
98,67.144,0,0
98,69.65,0,0
98,68.299,0,0
98,68.201,0,0
98,69.36,0,0
98,66.701,0,0
98,67.194,0,0
98,68.337,0,0
98,69.652,0,0
98,69.276,0,0
98,67.845,0,0
98,68.038,0,0
98,69.959,0,0
98,70.431,0,0
98,70.081,0,0
98,69.702,0,0
98,68.535,0,0
98,71.646,0,0
98,67.384,0,0
98,67.835,0,0
98,66.786,0,0
98,68.293,0,0
98,69.379,0,0
98,70.347,0,0
98,68.778,0,0
98,71.134,0,0
98,68.873,0,0
98,70.862,0,0
98,69.298,0,0
98,70.033,0,0
98,68.009,0,0
98,70.757,0,0
98,67.512,0,0
98,70.523,0,0
98,66.232,0,0
98,68.105,0,0
98,69.173,0,0
98,70.631,0,0
98,69.911,0,0
98,67.649,0,0
98,70.507,0,0
98,69.946,0,0
98,69.81,0,0
98,67.513,0,0
98,68.513,0,0
98,68.115,0,0
98,69.933,0,0
98,68.193,0,0
98,70.128,0,0
98,69.654,0,0
98,69.281,0,0
98,68.987,0,0
98,71.377,0,0
98,67.026,0,0
98,67.804,0,0
98,72.804,0,0
98,67.127,0,0
98,69.762,0,0
98,71.328,0,0
98,70.532,0,0
98,70.432,0,0
98,71.032,0,0
98,69.875,0,0
98,68.702,0,0
98,71.129,0,0
98,69.467,0,0
98,68.559,0,0
98,68.547,0,0
98,67.508,0,0
98,67.175,0,0
98,68.195,0,0
98,70.529,0,0
98,68.599,0,0
98,70.474,0,0
98,71.326,0,0
98,70.438,0,0
98,67.602,0,0
98,68.002,0,0
98,69.973,0,0
98,67.694,0,0
98,70.245,0,0
98,68.982,0,0
98,70.61,0,0
98,69.97,0,0
98,67.312,0,0
98,68.615,0,0
98,68.815,0,0
98,70.248,0,0
98,68.75,0,0
98,70.844,0,0
98,67.611,0,0
98,69.729,0,0
98,68.607,0,0
98,68.704,0,0
98,68.07,0,0
98,69.974,0,0
98,68.126,0,0
98,70.44,0,0
98,67.66,0,0
98,67.76,0,0
98,69.222,0,0
98,69.744,0,0
98,69.074,0,0
98,69.491,0,0
98,67.997,0,0
98,68.653,0,0
98,69.158,0,0
98,67.245,0,0
98,67.13,0,0
98,68.419,0,0
98,66.543,0,0
98,67.654,0,0
98,69.154,0,0
98,69.346,0,0
98,70.058,0,0
98,69.929,0,0
98,68.302,0,0
98,69.583,0,0
98,66.838,0,0
98,68.498,0,0
98,69.554,0,0
98,68.033,0,0
98,68.836,0,0
98,69.967,0,0
98,70.017,0,0
98,69.241,0,0
98,70.697,0,0
98,70.647,0,0
98,67.888,0,0
98,70.774,0,0
98,67.854,0,0
98,69.574,0,0
98,69.135,0,0
98,68.721,0,0
98,69.33,0,0
98,68.988,0,0
98,69.721,0,0
98,71.194,0,0
98,70.897,0,0
98,68.158,0,0
98,67.869,0,0
98,70.058,0,0
98,72.647,0,0
98,68.888,0,0
98,69.883,0,0
98,68.321,0,0
98,67.357,0,0
98,67.925,0,0
98,71.934,0,0
98,69.316,0,0
98,67.572,0,0
98,70.837,0,0
98,69.043,0,0
98,70.796,0,0
98,68.466,0,0
98,71.006,0,0
98,70.262,0,0
98,68.856,0,0
98,67.291,0,0
98,69.889,0,0
98,68.119,0,0
98,71.183,0,0
98,67.753,0,0
98,69.694,0,0
98,67.946,0,0
98,69.159,0,0
98,68.675,0,0
98,69.231,0,0
98,69.735,0,0
98,70.076,0,0
98,67.426,0,0
98,65.815,0,0
98,69.366,0,0
98,68.32,0,0
98,67.299,0,0
98,66.842,0,0
98,68.796,0,0
98,66.64,0,0
98,67.951,0,0
98,68.455,0,0
98,70.542,0,0
98,69.863,0,0
98,67.933,0,0
98,65.134,0,0
98,70.438,0,0
98,70.22,0,0
98,70.936,0,0
98,68.817,0,0
98,68.704,0,0
98,71.016,0,0
98,69.494,0,0
98,69.595,0,0
98,66.491,0,0
98,64.894,0,0
98,67.845,0,0
98,68.524,0,0
98,69.522,0,0
98,68.795,0,0
98,68.03,0,0
98,67.244,0,0
98,68.838,0,0
98,68.2,0,0
98,70.301,0,0
98,72.125,0,0
98,68.661,0,0
98,67.514,0,0
98,69.179,0,0
98,69.461,0,0
98,69.864,0,0
98,70.159,0,0
98,68.672,0,0
98,66.087,0,0
98,70.284,0,0
98,69.053,0,0
98,70.408,0,0
98,70.646,0,0
98,69.223,0,0
98,68.962,0,0
98,68.548,0,0
98,68.315,0,0
98,70.855,0,0
98,67.379,0,0
98,71.229,0,0
98,71.233,0,0
98,67.317,0,0
98,67.991,0,0
98,67.063,0,0
98,69.841,0,0
98,68.626,0,0
98,68.422,0,0
98,67.43,0,0
98,68.651,0,0
98,66.994,0,0
98,69.287,0,0
98,70.347,0,0
98,66.984,0,0
98,67.34,0,0
98,66.093,0,0
98,67.88,0,0
98,68.175,0,0
98,68.292,0,0
98,70.604,0,0
98,67.993,0,0
98,68.659,0,0
98,67.569,0,0
98,70.486,0,0
98,70.204,0,0
98,68.772,0,0
98,68.606,0,0
98,69.871,0,0
98,66.14,0,0
98,69.326,0,0
98,68.769,0,0
98,71.505,0,0
98,69.026,0,0
98,68.522,0,0
98,65.791,0,0
98,69.032,0,0
98,70.802,0,0
98,70.499,0,0
98,69.498,0,0
98,68.932,0,0
98,71.078,0,0
98,68.422,0,0
98,69.759,0,0
98,69.518,0,0
98,69.421,0,0
98,69.113,0,0
98,67.958,0,0
98,69.104,0,0
98,68.092,0,0
98,69.234,0,0
98,69.13,0,0
98,68.601,0,0
98,65.974,0,0
98,71.178,0,0
98,68.867,0,0
98,72.362,0,0
98,71.141,0,0
98,70.023,0,0
98,68.283,0,0
98,70.382,0,0
98,70.906,0,0
98,67.77,0,0
98,67.21,0,0
98,69.001,0,0
98,69.127,0,0
98,69.546,0,0
98,69.676,0,0
98,69.657,0,0
98,70.649,0,0
98,71.119,0,0
98,69.917,0,0
98,67.882,0,0
98,70.277,0,0
98,68.794,0,0
98,69.23,0,0
98,69.337,0,0
98,69.755,0,0
98,66.47,0,0
98,69.644,0,0
98,71.884,0,0
98,70.461,0,0
98,68.841,0,0
98,71.321,0,0
98,69.569,0,0
98,68.214,0,0
98,70.13,0,0
98,69.587,0,0
98,70.731,0,0
98,70.678,0,0
98,68.762,0,0
98,68.188,0,0
98,69.602,0,0
98,68.97,0,0
98,68.462,0,0
98,67.751,0,0
98,69.426,0,0
98,72.01,0,0
98,69.968,0,0
98,70.378,0,0
98,69.722,0,0
98,67.043,0,0
98,70.127,0,0
98,70.14,0,0
98,68.321,0,0
98,65.3,0,0
98,68.452,0,0
98,70.252,0,0
98,68.994,0,0
98,70.371,0,0
98,69.986,0,0
98,69.025,0,0
98,67.072,0,0
98,64.661,0,0
98,66.3,0,0
98,65.693,0,0
98,68.607,0,0
98,68.898,0,0
98,70.424,0,0
98,68.559,0,0
98,71.923,0,0
98,69.559,0,0
98,67.557,0,0
98,70.85,0,0
98,69.256,0,0
98,70.396,0,0
98,69.102,0,0
98,67.106,0,0
98,70.041,0,0
98,69.947,0,0
98,69.947,0,0
98,68.424,0,0
98,66.62,0,0
98,69.035,0,0
98,69.357,0,0
98,65.265,0,0
98,69.531,0,0
98,70.432,0,0
98,68.392,0,0
98,67.703,0,0
98,71.022,0,0
98,69.092,0,0
98,67.652,0,0
98,66.949,0,0
98,69.499,0,0
98,69.7,0,0
98,68.661,0,0
98,69.997,0,0
98,68.231,0,0
98,68.004,0,0
98,66.804,0,0
98,69.226,0,0
98,67.938,0,0
98,68.59,0,0
98,69.911,0,0
98,67.681,0,0
98,67.538,0,0
98,69.558,0,0
98,66.543,0,0
98,68.615,0,0
98,67.563,0,0
98,70.024,0,0
98,65.313,0,0
98,67.818,0,0
98,68.592,0,0
98,69.218,0,0
98,70.067,0,0
98,69.44,0,0
98,69.292,0,0
98,68.968,0,0
98,68.362,0,0
98,70.549,0,0
98,70.321,0,0
98,69.072,0,0
98,71.042,0,0
98,69.545,0,0
98,67.783,0,0
98,66.882,0,0
98,70.2,0,0
98,66.247,0,0
98,69.793,0,0
98,71.585,0,0
98,68.715,0,0
98,68.26,0,0
98,69.371,0,0
98,67.151,0,0
98,68.861,0,0
98,70.68,0,0
98,69.283,0,0
98,68.902,0,0
98,66.914,0,0
98,69.315,0,0
98,68.691,0,0
98,68.794,0,0
98,70.473,0,0
98,68.038,0,0
98,68.622,0,0
98,70.299,0,0
98,66.249,0,0
98,66.469,0,0
98,67.59,0,0
98,67.652,0,0
98,69.181,0,0
98,68.997,0,0
98,65.768,0,0
98,68.766,0,0
98,68.718,0,0
98,69.713,0,0
98,68.905,0,0
98,66.458,0,0
98,66.447,0,0
98,69.255,0,0
98,70.32,0,0
98,66.327,0,0
98,67.712,0,0
98,69.722,0,0
98,67.985,0,0
98,67.054,0,0
98,71.959,0,0
98,67.012,0,0
98,67.688,0,0
98,68.598,0,0
98,66.977,0,0
98,67.71,0,0
98,71.555,0,0
98,69.129,0,0
98,69.97,0,0
98,68.385,0,0
98,70.539,0,0
98,66.484,0,0
98,68.798,0,0
98,66.975,0,0
98,68.355,0,0
98,68.01,0,0
98,68.91,0,0
98,64.26,0,0
98,67.883,0,0
98,65.85,0,0
98,70.005,0,0
98,68.584,0,0
98,66.495,0,0
98,68.366,0,0
98,66.884,0,0
98,69.481,0,0
98,69.602,0,0
98,67.293,0,0
98,68.442,0,0
98,68.289,0,0
98,66.961,0,0
98,68.732,0,0
98,68.147,0,0
98,71.11,0,0
98,68.133,0,0
98,69.724,0,0
98,67.93,0,0
98,65.818,0,0
98,67.623,0,0
98,67.991,0,0
98,69.234,0,0
98,70.615,0,0
98,68.746,0,0
98,66.568,0,0
98,70.705,0,0
98,69.802,0,0
98,71.145,0,0
98,66.936,0,0
98,68.118,0,0
98,69.591,0,0
98,68.758,0,0
98,68.794,0,0
98,69.483,0,0
98,68.542,0,0
98,68.798,0,0
98,68.929,0,0
98,70.768,0,0
98,67.813,0,0
98,68.633,0,0
98,68.053,0,0
98,67.423,0,0
98,70.071,0,0
98,68.385,0,0
98,68.015,0,0
98,68.679,0,0
98,68.404,0,0
98,67.419,0,0
98,71.572,0,0
98,69.896,0,0
98,69.465,0,0
98,68.549,0,0
98,67.765,0,0
98,66.944,0,0
98,69.419,0,0
98,70.855,0,0
98,69.877,0,0
98,69.572,0,0
98,69.388,0,0
98,68.086,0,0
98,69.561,0,0
98,68.865,0,0
98,67.883,0,0
98,68.23,0,0
98,69.222,0,0
98,68.728,0,0
98,67.665,0,0
98,67.834,0,0
98,69.5,0,0
98,67.003,0,0
98,68.72,0,0
98,67.926,0,0
98,68.932,0,0
98,69.777,0,0
98,71.195,0,0
98,69.324,0,0
98,70.108,0,0
98,67.988,0,0
98,65.692,0,0
98,70.07,0,0
98,68.778,0,0
98,67.958,0,0
98,69.012,0,0
98,67.058,0,0
98,67.451,0,0
98,67.876,0,0
98,70.464,0,0
98,69.597,0,0
98,66.151,0,0
98,69.044,0,0
98,69.292,0,0
98,68.305,0,0
98,67.543,0,0
98,71.925,0,0
98,69.813,0,0
98,69.072,0,0
98,68.473,0,0
98,69.922,0,0
98,69.112,0,0
98,68.749,0,0
98,69.036,0,0
98,69.026,0,0
98,67.797,0,0
98,71.561,0,0
98,68.701,0,0
98,68.903,0,0
98,69.773,0,0
98,66.78,0,0
98,66.238,0,0
98,67.248,0,0
98,68.829,0,0
98,71.945,0,0
98,65.972,0,0
98,66.924,0,0
98,68.42,0,0
98,66.703,0,0
98,69.663,0,0
98,70.103,0,0
98,66.941,0,0
98,69.871,0,0
98,68.644,0,0
98,71.029,0,0
98,67.106,0,0
98,66.992,0,0
98,68.416,0,0
98,67.846,0,0
98,69.18,0,0
98,69.184,0,0
98,69.474,0,0
98,71.334,0,0
98,69.745,0,0
98,70.141,0,0
98,68.345,0,0
98,69.252,0,0
98,69.46,0,0
98,66.891,0,0
98,66.559,0,0
98,70.067,0,0
98,67.293,0,0
98,69.636,0,0
98,67.351,0,0
98,69.412,0,0
98,69.048,0,0
98,67,0,0
98,71.29,0,0
98,69.847,0,0
98,65.081,0,0
98,68.951,0,0
98,66.423,0,0
98,66.522,0,0
98,71.182,0,0
98,69.614,0,0
98,70.026,0,0
98,69.493,0,0
98,69.888,0,0
98,69.69,0,0
98,67.527,0,0
98,70.156,0,0
98,66.92,0,0
98,72.373,0,0
98,69.267,0,0
98,70.127,0,0
98,71.431,0,0
98,68.737,0,0
98,67.938,0,0
98,69.108,0,0
98,69.683,0,0
98,67.403,0,0
98,70.396,0,0
98,69.116,0,0
98,71.227,0,0
98,67.468,0,0
98,70.41,0,0
98,72.454,0,0
98,70.241,0,0
98,68.164,0,0
98,68.71,0,0
98,68.767,0,0
98,71.005,0,0
98,69.619,0,0
98,66.56,0,0
98,65.873,0,0
98,67.643,0,0
98,67.159,0,0
98,71.445,0,0
98,69.187,0,0
98,69.045,0,0
98,67.087,0,0
98,65.641,0,0
98,67.429,0,0
98,66.976,0,0
98,70.57,0,0
98,67.698,0,0
98,66.848,0,0
98,67.713,0,0
98,66.127,0,0
98,69.303,0,0
98,69.378,0,0
98,67.425,0,0
98,69.618,0,0
98,66.413,0,0
98,68.688,0,0
98,69.637,0,0
98,70.572,0,0
98,69.321,0,0
98,67.908,0,0
98,68.635,0,0
98,68.952,0,0
98,65.926,0,0
98,67.002,0,0
98,65.425,0,0
98,67.952,0,0
98,70.595,0,0
98,68.414,0,0
98,68.533,0,0
98,68.562,0,0
98,65.745,0,0
98,67.464,0,0
98,68.84,0,0
98,66.098,0,0
98,68.178,0,0
98,66.957,0,0
98,68.391,0,0
98,66.197,0,0
98,68.049,0,0
98,67.583,0,0
98,68.632,0,0
98,67.599,0,0
98,67.864,0,0
98,70.385,0,0
98,65.943,0,0
98,67.601,0,0
98,66.701,0,0
98,67.676,0,0
98,66.516,0,0
98,68.027,0,0
98,67.752,0,0
98,68.671,0,0
98,68.946,0,0
98,66.555,0,0
98,69.591,0,0
98,68.469,0,0
98,66.157,0,0
98,69.843,0,0
98,66.834,0,0
98,67.463,0,0
98,67.057,0,0
98,68.233,0,0
98,66.51,0,0
98,69.096,0,0
98,69.299,0,0
98,69.752,0,0
98,67.54,0,0
98,68.528,0,0
98,70.117,0,0
98,67.251,0,0
98,70.333,0,0
98,69.077,0,0
98,67.484,0,0
98,68.115,0,0
98,66.906,0,0
98,69.78,0,0
98,67.725,0,0
98,69.038,0,0
98,68.744,0,0
98,66.792,0,0
98,67.906,0,0
98,69.754,0,0
98,67.145,0,0
98,69.907,0,0
98,68.879,0,0
98,65.758,0,0
98,67.071,0,0
98,69.202,0,0
98,69.044,0,0
98,69.157,0,0
98,67.964,0,0
98,64.247,0,0
98,67.815,0,0
98,67.017,0,0
98,69.846,0,0
98,69.433,0,0
98,66.936,0,0
98,67.84,0,0
98,68.022,0,0
98,68.268,0,0
98,70.005,0,0
98,67.803,0,0
98,71.071,0,0
98,68.822,0,0
98,70.544,0,0
98,69.921,0,0
98,69.373,0,0
98,69.608,0,0
98,69.701,0,0
98,69.523,0,0
98,68.803,0,0
98,70.169,0,0
98,66.133,0,0
98,67.547,0,0
98,70.409,0,0
98,67.452,0,0
98,66.632,0,0
98,66.563,0,0
98,69.59,0,0
98,70.488,0,0
98,67.935,0,0
98,68.885,0,0
98,69.625,0,0
98,68.194,0,0
98,69.736,0,0
98,70.275,0,0
98,67.561,0,0
98,68.575,0,0
98,69.919,0,0
98,71.409,0,0
98,68.327,0,0
98,69.724,0,0
98,69.497,0,0
98,69.576,0,0
98,67.457,0,0
98,73.504,0,0
98,67.366,0,0
98,69.809,0,0
98,69.944,0,0
98,71.025,0,0
98,67.939,0,0
98,67.291,0,0
98,68.063,0,0
98,69.228,0,0
98,66.843,0,0
98,68.215,0,0
98,69.053,0,0
98,68.041,0,0
98,69.936,0,0
98,69.183,0,0
98,70.369,0,0
98,69.069,0,0
98,70.587,0,0
98,69.242,0,0
98,67.753,0,0
98,67.977,0,0
98,67.979,0,0
98,68.955,0,0
98,69.994,0,0
98,68.571,0,0
98,68.451,0,0
98,70.682,0,0
98,67.145,0,0
98,68.251,0,0
98,69.207,0,0
98,68.096,0,0
98,68.345,0,0
98,68.345,0,0
98,65.99,0,0
98,67.802,0,0
98,69.145,0,0
98,70.622,0,0
98,67.426,0,0
98,68.92,0,0
98,68.908,0,0
98,69.032,0,0
98,68.757,0,0
98,70.052,0,0
98,70.026,0,0
98,71.487,0,0
98,67.072,0,0
98,68.728,0,0
98,68.295,0,0
98,67.769,0,0
98,68.261,0,0
98,68.461,0,0
98,69.37,0,0
98,67.974,0,0
98,68.842,0,0
98,67.479,0,0
98,69.324,0,0
98,70.343,0,0
98,68.337,0,0
98,70.745,0,0
98,68.081,0,0
98,70.342,0,0
98,71.065,0,0
98,70.561,0,0
98,66.244,0,0
98,69.263,0,0
98,72.289,0,0
98,69.601,0,0
98,69.97,0,0
98,69.296,0,0
98,68.746,0,0
98,68.473,0,0
98,69.296,0,0
98,65.99,0,0
98,66.994,0,0
98,64.134,0,0
98,70.38,0,0
98,68.326,0,0
98,69.638,0,0
98,66.775,0,0
98,68.098,0,0
98,69.998,0,0
98,71.617,0,0
98,68.694,0,0
98,68.989,0,0
98,67.311,0,0
98,66.875,0,0
98,69.883,0,0
98,69.618,0,0
98,68.927,0,0
98,70.48,0,0
98,69.252,0,0
98,68.381,0,0
98,71.016,0,0
98,70.101,0,0
98,68.107,0,0
98,67.978,0,0
98,67.219,0,0
98,68.486,0,0
98,68.51,0,0
98,70.29,0,0
98,65.473,0,0
98,67.343,0,0
98,67.503,0,0
98,68.323,0,0
98,68.548,0,0
98,68.298,0,0
98,69.945,0,0
98,67.786,0,0
98,68.296,0,0
98,69.459,0,0
98,69.752,0,0
98,67.739,0,0
98,68.631,0,0
98,69.837,0,0
98,70.392,0,0
98,70.337,0,0
98,66.646,0,0
98,67.917,0,0
98,67.724,0,0
98,68.288,0,0
98,69.551,0,0
98,70.555,0,0
98,69.266,0,0
98,69.677,0,0
98,67.751,0,0
98,67.138,0,0
98,67.803,0,0
98,68.794,0,0
98,67.162,0,0
98,70.389,0,0
98,71.878,0,0
98,68.723,0,0
98,69.987,0,0
98,72.333,0,0
98,67.972,0,0
98,67.71,0,0
98,68.925,0,0
98,71.424,0,0
98,69.764,0,0
98,69.489,0,0
98,69.621,0,0
98,67.722,0,0
98,68.755,0,0
98,69.801,0,0
98,69.177,0,0
98,69.309,0,0
98,67.791,0,0
98,68.121,0,0
98,65.887,0,0
98,67.966,0,0
98,67.578,0,0
98,71.409,0,0
98,69.448,0,0
98,70.086,0,0
98,67.009,0,0
98,69.461,0,0
98,70.052,0,0
98,69.538,0,0
98,71.614,0,0
98,68.205,0,0
98,67.962,0,0
98,71.637,0,0
98,68.808,0,0
98,70.144,0,0
98,70.623,0,0
98,71.505,0,0
98,68.094,0,0
98,69.692,0,0
98,72.099,0,0
98,69.178,0,0
98,67.269,0,0
98,70.993,0,0
98,68.283,0,0
98,68.887,0,0
98,68.189,0,0
98,71.768,0,0
98,70.696,0,0
98,69.766,0,0
98,69.112,0,0
98,69.929,0,0
98,68.665,0,0
98,69.718,0,0
98,71.184,0,0
98,69.362,0,0
98,68.878,0,0
98,72.365,0,0
98,68.798,0,0
98,68.437,0,0
98,69.903,0,0
98,69.95,0,0
98,70.051,0,0
98,68.263,0,0
98,69.07,0,0
98,70.358,0,0
98,68.59,0,0
98,68.948,0,0
98,72.204,0,0
98,70.92,0,0
98,72.171,0,0
98,69.23,0,0
98,69.465,0,0
98,66.967,0,0
98,70.359,0,0
98,69.001,0,0
98,69.27,0,0
98,67.464,0,0
98,69.334,0,0
98,68.703,0,0
98,67.781,0,0
98,67.99,0,0
98,69.767,0,0
98,72.303,0,0
98,69.645,0,0
98,69.097,0,0
98,68.781,0,0
98,66.934,0,0
98,69.379,0,0
98,70.477,0,0
98,67.726,0,0
98,67.857,0,0
98,68.494,0,0
98,70.285,0,0
98,66.925,0,0
98,67.943,0,0
98,69.616,0,0
98,68.336,0,0
98,67.451,0,0
98,65.722,0,0
98,67.807,0,0
98,70.075,0,0
98,66.982,0,0
98,68.074,0,0
98,67.108,0,0
98,65.805,0,0
98,68.151,0,0
98,69.189,0,0
98,69.167,0,0
98,66.998,0,0
98,69.062,0,0
98,66.572,0,0
98,67.772,0,0
98,68.74,0,0
98,69.329,0,0
98,68.148,0,0
98,69.948,0,0
98,68.902,0,0
98,71.556,0,0
98,66.136,0,0
98,68.992,0,0
98,67.869,0,0
98,64.393,0,0
98,66.598,0,0
98,70.339,0,0
98,68.814,0,0
98,66.582,0,0
98,70.825,0,0
98,68.287,0,0
98,70.116,0,0
98,68.086,0,0
98,66.102,0,0
98,67.253,0,0
98,70.619,0,0
98,68.371,0,0
98,70.011,0,0
98,66.418,0,0
98,68.434,0,0
98,68.331,0,0
98,69.571,0,0
98,67.76,0,0
98,67.961,0,0
98,67.366,0,0
98,67.448,0,0
98,68.05,0,0
98,65.537,0,0
98,68.131,0,0
98,66.035,0,0
98,70.017,0,0
98,67.416,0,0
98,66.558,0,0
98,66.247,0,0
98,69.684,0,0
98,65.124,0,0
98,66.452,0,0
98,69.057,0,0
98,68.174,0,0
98,68.23,0,0
98,68.907,0,0
98,67.297,0,0
98,67.477,0,0
98,67.461,0,0
98,68.438,0,0
98,69.898,0,0
98,67.897,0,0
98,68.097,0,0
98,69.316,0,0
98,67.254,0,0
98,66.467,0,0
98,69.308,0,0
98,67.177,0,0
98,64.927,0,0
98,67.191,0,0
98,68.131,0,0
98,68.589,0,0
98,68.751,0,0
98,67.793,0,0
98,69.344,0,0
98,67.927,0,0
98,67.611,0,0
98,66.393,0,0
98,67.635,0,0
98,67.365,0,0
98,66.64,0,0
98,66.63,0,0
98,66.783,0,0
98,67.906,0,0
98,66.067,0,0
98,69.29,0,0
98,69.228,0,0
98,68.154,0,0
98,69.893,0,0
98,66.99,0,0
98,68.035,0,0
98,70.305,0,0
98,67.327,0,0
98,68.785,0,0
98,70.529,0,0
98,66.588,0,0
98,68.972,0,0
98,66.543,0,0
98,68.17,0,0
98,68.594,0,0
98,67.747,0,0
98,67.433,0,0
98,68.381,0,0
98,66.554,0,0
98,67.277,0,0
98,66.753,0,0
98,67.115,0,0
98,70.589,0,0
98,66.281,0,0
98,69.186,0,0
98,69.544,0,0
98,67.616,0,0
98,68.168,0,0
98,70.527,0,0
98,66.747,0,0
98,66.868,0,0
98,68.853,0,0
98,67.38,0,0
98,69.65,0,0
98,69.809,0,0
98,67.939,0,0
98,66.074,0,0
98,66.977,0,0
98,67.013,0,0
98,70.221,0,0
98,67.891,0,0
98,69.983,0,0
98,68.305,0,0
98,67.677,0,0
98,67.354,0,0
98,67.015,0,0
98,67.191,0,0
98,66.552,0,0
98,67.312,0,0
98,69.617,0,0
98,67.232,0,0
98,67.082,0,0
98,66.309,0,0
98,67.712,0,0
98,67.352,0,0
98,66.046,0,0
98,67.165,0,0
98,65.807,0,0
98,65.062,0,0
98,67.983,0,0
98,68.316,0,0
98,67.231,0,0
98,66.916,0,0
98,67.319,0,0
98,66.755,0,0
98,68.619,0,0
98,65.081,0,0
98,67.672,0,0
98,68.416,0,0
98,67.554,0,0
98,65.971,0,0
98,65.687,0,0
98,68.029,0,0
98,68.201,0,0
98,68.566,0,0
98,69.272,0,0
98,69.533,0,0
98,63.817,0,0
98,68.696,0,0
98,66.739,0,0
98,69.363,0,0
98,64.951,0,0
98,66.363,0,0
98,67.922,0,0
98,66.167,0,0
98,64.18,0,0
98,65.111,0,0
98,65.972,0,0
98,63.684,0,0
98,66.222,0,0
98,69.251,0,0
98,67.535,0,0
98,68.721,0,0
98,67.818,0,0
98,67.753,0,0
98,67.144,0,0
98,66.638,0,0
98,66.887,0,0
98,67.888,0,0
98,67.356,0,0
98,68.768,0,0
98,67.979,0,0
98,65.094,0,0
98,69.159,0,0
98,68.834,0,0
98,67.589,0,0
98,68.511,0,0
98,67.366,0,0
98,67.719,0,0
98,68.001,0,0
98,69.881,0,0
98,67.783,0,0
98,68.451,0,0
98,68.338,0,0
98,67.274,0,0
98,69.544,0,0
98,65.612,0,0
98,66.709,0,0
98,67.586,0,0
98,67.437,0,0
98,65.555,0,0
98,68.093,0,0
98,67.088,0,0
98,66.321,0,0
98,69.058,0,0
98,68.341,0,0
98,68.92,0,0
98,69.032,0,0
98,65.129,0,0
98,68.668,0,0
98,67.048,0,0
98,68.976,0,0
98,67.205,0,0
98,68.565,0,0
98,64.041,0,0
98,68.427,0,0
98,66.815,0,0
98,67.435,0,0
98,68.601,0,0
98,69.629,0,0
98,67.465,0,0
98,67.149,0,0
98,65.84,0,0
98,69.215,0,0
98,68.601,0,0
98,68.883,0,0
98,69.52,0,0
98,68.281,0,0
98,68.628,0,0
98,70.078,0,0
98,68.412,0,0
98,66.697,0,0
98,69.646,0,0
98,68.926,0,0
98,69.029,0,0
98,68.179,0,0
98,70.564,0,0
98,67.661,0,0
98,68.775,0,0
98,68.273,0,0
98,68.141,0,0
98,68.335,0,0
98,69.782,0,0
98,68.64,0,0
98,66.837,0,0
98,69,0,0
98,67.209,0,0
98,66.566,0,0
98,67.358,0,0
98,68.591,0,0
98,68.097,0,0
98,69.435,0,0
98,68.271,0,0
98,67.971,0,0
98,66.893,0,0
98,70.547,0,0
98,69.133,0,0
98,70.118,0,0
98,70.514,0,0
98,69.991,0,0
98,66.754,0,0
98,68.285,0,0
98,69.499,0,0
98,66.93,0,0
98,67.431,0,0
98,68.948,0,0
98,70.37,0,0
98,69.819,0,0
98,70.639,0,0
98,68.389,0,0
98,66.182,0,0
98,67.292,0,0
98,69.84,0,0
98,68.717,0,0
98,68.426,0,0
98,68.259,0,0
98,70.04,0,0
98,68.652,0,0
98,68.123,0,0
98,68.956,0,0
98,70.791,0,0
98,68.962,0,0
98,68.556,0,0
98,71.249,0,0
98,67.578,0,0
98,69.21,0,0
98,68.719,0,0
98,68.913,0,0
98,69.464,0,0
98,68.581,0,0
98,68.391,0,0
98,72.209,0,0
98,67.391,0,0
98,66.6,0,0
98,64.996,0,0
98,68.605,0,0
98,67.918,0,0
98,69.643,0,0
98,69.011,0,0
98,67.413,0,0
98,69.214,0,0
98,68.779,0,0
98,66.674,0,0
98,70.454,0,0
98,67.901,0,0
98,67.695,0,0
98,69.795,0,0
98,68.289,0,0
98,67.521,0,0
98,67.267,0,0
98,67.552,0,0
98,66.621,0,0
98,69.584,0,0
98,68.399,0,0
98,67.088,0,0
98,69.115,0,0
98,70.781,0,0
98,70.037,0,0
98,69.06,0,0
98,68.824,0,0
98,68.014,0,0
98,67.977,0,0
98,66.999,0,0
98,69.688,0,0
98,70.03,0,0
98,68.036,0,0
98,69.708,0,0
98,67.489,0,0
98,66.249,0,0
98,68.309,0,0
98,69.572,0,0
98,69.535,0,0
98,69.37,0,0
98,66.863,0,0
98,69.356,0,0
98,65.204,0,0
98,67.137,0,0
98,68.094,0,0
98,65.541,0,0
98,67.846,0,0
98,71.609,0,0
98,70.76,0,0
98,68.698,0,0
98,69.541,0,0
98,68.406,0,0
98,68.207,0,0
98,69.463,0,0
98,65.974,0,0
98,68.98,0,0
98,69.65,0,0
98,68.59,0,0
98,67.886,0,0
98,69.872,0,0
98,68.174,0,0
98,68.373,0,0
98,71.361,0,0
98,68.359,0,0
98,70.303,0,0
98,68.533,0,0
98,67.554,0,0
98,70.067,0,0
98,68.737,0,0
98,68.553,0,0
98,68.07,0,0
98,70.064,0,0
98,67.942,0,0
98,70.604,0,0
98,70.184,0,0
98,69.748,0,0
98,69.947,0,0
98,67.613,0,0
98,67.666,0,0
98,66.556,0,0
98,68.135,0,0
98,69.505,0,0
98,68.341,0,0
98,64.572,0,0
98,71.112,0,0
98,67.911,0,0
98,68.316,0,0
98,71.466,0,0
98,69.288,0,0
98,66.018,0,0
98,68.131,0,0
98,70.392,0,0
98,65.874,0,0
98,69.052,0,0
98,70.523,0,0
98,70.654,0,0
98,66.952,0,0
98,69.798,0,0
98,68.951,0,0
98,65.996,0,0
98,67.297,0,0
98,66.812,0,0
98,67.651,0,0
98,67.47,0,0
98,70.553,0,0
98,67.648,0,0
98,69.232,0,0
98,69.775,0,0
98,68.487,0,0
98,69.148,0,0
98,69.079,0,0
98,67.971,0,0
98,68.622,0,0
98,69.78,0,0
98,69.077,0,0
98,69.359,0,0
98,68.142,0,0
98,69.613,0,0
98,67.797,0,0
98,70.085,0,0
98,68.444,0,0
98,68.19,0,0
98,68.244,0,0
98,69.228,0,0
98,66.923,0,0
98,68.86,0,0
98,68.986,0,0
98,69.537,0,0
98,66.405,0,0
98,68.654,0,0
98,69.949,0,0
98,67.776,0,0
98,70.377,0,0
98,69.41,0,0
98,68.568,0,0
98,68.913,0,0
98,67.629,0,0
98,67.607,0,0
98,69.904,0,0
98,69.423,0,0
98,67.903,0,0
98,68.785,0,0
98,68.271,0,0
98,66.415,0,0
98,69.925,0,0
98,67.339,0,0
98,68.887,0,0
98,67.188,0,0
98,68.914,0,0
98,67.543,0,0
98,66.063,0,0
98,70.083,0,0
98,66.945,0,0
98,68.327,0,0
98,67.066,0,0
98,68.006,0,0
98,68.242,0,0
98,68.905,0,0
98,68.768,0,0
98,64.57,0,0
98,65.15,0,0
98,67.906,0,0
98,67.565,0,0
98,66.023,0,0
98,66.382,0,0
98,70.353,0,0
98,67.562,0,0
98,69.542,0,0
98,65.684,0,0
98,69.955,0,0
98,66.546,0,0
98,68.158,0,0
98,67.796,0,0
98,65.144,0,0
98,66.611,0,0
98,64.434,0,0
98,67.773,0,0
98,69.813,0,0
98,67.797,0,0
98,66.883,0,0
98,69.692,0,0
98,67.477,0,0
98,67.095,0,0
98,69.688,0,0
98,66.903,0,0
98,65.801,0,0
98,71.026,0,0
98,67.864,0,0
98,69.56,0,0
98,67.034,0,0
98,66.83,0,0
98,67.921,0,0
98,67.95,0,0
98,69.236,0,0
98,68.463,0,0
98,66.119,0,0
98,66.764,0,0
98,68.869,0,0
98,67.101,0,0
98,69.525,0,0
98,71.98,0,0
98,67.569,0,0
98,70.073,0,0
98,69.333,0,0
98,67.554,0,0
98,71.001,0,0
98,66.315,0,0
98,66.992,0,0
98,67.609,0,0
98,67.738,0,0
98,65.793,0,0
98,69.088,0,0
98,69.925,0,0
98,68.035,0,0
98,66.873,0,0
98,70.04,0,0
98,69.081,0,0
98,69.347,0,0
98,69.739,0,0
98,66.861,0,0
98,68.222,0,0
98,69.195,0,0
98,68.81,0,0
98,67.544,0,0
98,69.456,0,0
98,71.958,0,0
98,67.601,0,0
98,69.099,0,0
98,68.513,0,0
98,71.336,0,0
98,68.678,0,0
98,67.41,0,0
98,67.695,0,0
98,68.309,0,0
98,69.251,0,0
98,69.88,0,0
98,70.05,0,0
98,69.611,0,0
98,70.523,0,0
98,70.4,0,0
98,67.708,0,0
98,68.806,0,0
98,67.225,0,0
98,66.911,0,0
98,70.576,0,0
98,69.441,0,0
98,66.469,0,0
98,67.296,0,0
98,67.909,0,0
98,69.388,0,0
98,67.236,0,0
98,68.23,0,0
98,69.179,0,0
98,67.835,0,0
98,69.52,0,0
98,69.041,0,0
98,66.537,0,0
98,68.706,0,0
98,67.403,0,0
98,65.09,0,0
98,70.87,0,0
98,68.374,0,0
98,67.943,0,0
98,68.403,0,0
98,70.422,0,0
98,71.432,0,0
98,67.945,0,0
98,69.319,0,0
98,69.392,0,0
98,67.415,0,0
98,68.45,0,0
98,69.528,0,0
98,69.386,0,0
98,69.713,0,0
98,71.258,0,0
98,67.283,0,0
98,69.123,0,0
98,67.432,0,0
98,69.271,0,0
98,69.729,0,0
98,67.73,0,0
98,67.899,0,0
98,68.518,0,0
98,69.775,0,0
98,70.572,0,0
98,68.848,0,0
98,69.03,0,0
98,64.766,0,0
98,71.024,0,0
98,70.249,0,0
98,68.663,0,0
98,66.903,0,0
98,66.431,0,0
98,67.461,0,0
98,69.104,0,0
98,69.28,0,0
98,67.51,0,0
98,69.273,0,0
98,68.145,0,0
98,67.696,0,0
98,67.022,0,0
98,68.265,0,0
98,68.7,0,0
98,69.102,0,0
98,69.084,0,0
98,71.918,0,0
98,68.63,0,0
98,69.061,0,0
98,68.464,0,0
98,69.003,0,0
98,69.415,0,0
98,67.514,0,0
98,68.491,0,0
98,67.006,0,0
98,66.706,0,0
98,66.72,0,0
98,69.229,0,0
98,70.482,0,0
98,67.552,0,0
98,66.732,0,0
98,67.174,0,0
98,69.84,0,0
98,67.733,0,0
98,68.853,0,0
98,68.334,0,0
98,69.965,0,0
98,67.11,0,0
98,67.687,0,0
98,69.711,0,0
98,69.513,0,0
98,70.745,0,0
98,65.406,0,0
98,69.819,0,0
98,71.016,0,0
98,68.768,0,0
98,67.537,0,0
98,69.464,0,0
98,69.112,0,0
98,68.094,0,0
98,68.084,0,0
98,67.257,0,0
98,71.078,0,0
98,67.205,0,0
98,65.709,0,0
98,67.46,0,0
98,69.693,0,0
98,67.617,0,0
98,66.205,0,0
98,70.393,0,0
98,68.799,0,0
98,70.927,0,0
98,70.087,0,0
98,68.066,0,0
98,70.081,0,0
98,68.782,0,0
98,70.044,0,0
98,68.908,0,0
98,69.786,0,0
98,70.817,0,0
98,67.087,0,0
98,66.772,0,0
98,68.554,0,0
98,65.744,0,0
98,68.042,0,0
98,70.462,0,0
98,67.104,0,0
98,69.042,0,0
98,69.194,0,0
98,65.89,0,0
98,66.715,0,0
98,65.245,0,0
98,67.774,0,0
98,69.651,0,0
98,68.989,0,0
98,66.548,0,0
98,69.609,0,0
98,69.685,0,0
98,70.147,0,0
98,70.191,0,0
98,67.557,0,0
98,67.667,0,0
98,68.927,0,0
98,68.962,0,0
98,69.088,0,0
98,67.704,0,0
98,65.776,0,0
98,69.826,0,0
98,67.923,0,0
98,66.628,0,0
98,70.241,0,0
98,67.296,0,0
98,68.585,0,0
98,67.415,0,0
98,69.726,0,0
98,68.878,0,0
98,68.316,0,0
98,65.886,0,0
98,66.351,0,0
98,67.625,0,0
98,65.334,0,0
98,68.799,0,0
98,66.54,0,0
98,67.283,0,0
98,65.72,0,0
98,69.219,0,0
98,67.086,0,0
98,67.907,0,0
98,67.568,0,0
98,65.941,0,0
98,67.47,0,0
98,67.062,0,0
98,67.257,0,0
98,69.777,0,0
98,66.94,0,0
98,69.709,0,0
98,66.957,0,0
98,68.056,0,0
98,67.719,0,0
98,66.644,0,0
98,66.339,0,0
98,68.735,0,0
98,68.187,0,0
98,64.844,0,0
98,66.952,0,0
98,67.818,0,0
98,70.759,0,0
98,70.135,0,0
98,64.014,0,0
98,66.4,0,0
98,68.586,0,0
98,64.742,0,0
98,66.599,0,0
98,66.098,0,0
98,68.11,0,0
98,69.03,0,0
98,67.952,0,0
98,68.184,0,0
98,65.373,0,0
98,65.824,0,0
98,65.387,0,0
98,67.722,0,0
98,67.477,0,0
98,70.989,0,0
98,67.823,0,0
98,69.151,0,0
98,66.883,0,0
98,67.48,0,0
98,67.495,0,0
98,67.851,0,0
98,68.408,0,0
98,66.486,0,0
98,66.911,0,0
98,68.612,0,0
98,69.837,0,0
98,69.37,0,0
98,69.494,0,0
98,69.399,0,0
98,67.061,0,0
98,69.396,0,0
98,67.815,0,0
98,69.181,0,0
98,69.79,0,0
98,67.813,0,0
98,69.273,0,0
98,70.321,0,0
98,68.805,0,0
98,69.437,0,0
98,66.933,0,0
98,67.505,0,0
98,68.542,0,0
98,68.752,0,0
98,67.895,0,0
98,69.85,0,0
98,68.897,0,0
98,68.893,0,0
98,63.595,0,0
98,69.816,0,0
98,70.033,0,0
98,67.97,0,0
98,66.639,0,0
98,69.099,0,0
98,67.658,0,0
98,67.45,0,0
98,66.852,0,0
98,66.864,0,0
98,68.885,0,0
98,67.585,0,0
98,65.915,0,0
98,66.242,0,0
98,68.244,0,0
98,67.697,0,0
98,68.758,0,0
98,66.259,0,0
98,67.445,0,0
98,69.841,0,0
98,68.255,0,0
98,68.944,0,0
98,69.245,0,0
98,69.792,0,0
98,70.156,0,0
98,68.002,0,0
98,68.94,0,0
98,68.357,0,0
98,68.843,0,0
98,68.874,0,0
98,67.688,0,0
98,67.757,0,0
98,67.042,0,0
98,66.137,0,0
98,65.927,0,0
98,69.35,0,0
98,69.127,0,0
98,65.779,0,0
98,65.794,0,0
98,65.793,0,0
98,68.689,0,0
98,69.118,0,0
98,68.789,0,0
98,70.063,0,0
98,68.904,0,0
98,69.099,0,0
98,66.795,0,0
98,69.422,0,0
98,69.328,0,0
98,68.961,0,0
98,68.834,0,0
98,68.525,0,0
98,67.835,0,0
98,68.115,0,0
98,67.453,0,0
98,69.177,0,0
98,67.811,0,0
98,67.838,0,0
98,65.346,0,0
98,68.331,0,0
98,68.659,0,0
98,66.764,0,0
98,66.724,0,0
98,69.576,0,0
98,70.957,0,0
98,68.826,0,0
98,69.936,0,0
98,69.34,0,0
98,66.594,0,0
98,69.547,0,0
98,71.388,0,0
98,69.25,0,0
98,66.477,0,0
98,67.214,0,0
98,70.293,0,0
98,68.846,0,0
98,70.765,0,0
98,68.613,0,0
98,65.599,0,0
98,69.577,0,0
98,69.361,0,0
98,66.766,0,0
98,68.822,0,0
98,68.488,0,0
98,69.558,0,0
98,68.826,0,0
98,70.772,0,0
98,69.605,0,0
98,69.147,0,0
98,68.044,0,0
98,68.465,0,0
98,68.931,0,0
98,70.795,0,0
98,69.541,0,0
98,67.859,0,0
98,69.99,0,0
98,69.248,0,0
98,70.308,0,0
98,68.987,0,0
98,68.556,0,0
98,69.254,0,0
98,66.771,0,0
98,67.974,0,0
98,68.595,0,0
98,67.039,0,0
98,67.989,0,0
98,70.571,0,0
98,71.47,0,0
98,69.732,0,0
98,68.77,0,0
98,71.327,0,0
98,67.247,0,0
98,69.607,0,0
98,67.337,0,0
98,70.638,0,0
98,68.483,0,0
98,68.317,0,0
98,68.796,0,0
98,71.076,0,0
98,69.76,0,0
98,71.634,0,0
98,67.539,0,0
98,70.157,0,0
98,70.061,0,0
98,68.796,0,0
98,66.868,0,0
98,68.893,0,0
98,68.334,0,0
98,67.816,0,0
98,69.943,0,0
98,69.578,0,0
98,69.25,0,0
98,66.901,0,0
98,69.468,0,0
98,67.114,0,0
98,68.388,0,0
98,72.178,0,0
98,70.015,0,0
98,66.526,0,0
98,70.275,0,0
98,67.723,0,0
98,70.219,0,0
98,69.5,0,0
98,69.767,0,0
98,66.019,0,0
98,71.813,0,0
98,65.34,0,0
98,70.583,0,0
98,69.25,0,0
98,70.361,0,0
98,67.971,0,0
98,69.295,0,0
98,67.612,0,0
98,69.815,0,0
98,69.782,0,0
98,67.44,0,0
98,70.73,0,0
98,69.125,0,0
98,68.637,0,0
98,66.89,0,0
98,68.16,0,0
98,67.956,0,0
98,67.051,0,0
98,68.718,0,0
98,68.537,0,0
98,67.996,0,0
98,70.291,0,0
98,68.095,0,0
98,66.076,0,0
98,71.109,0,0
98,69.054,0,0
98,65.731,0,0
98,68.946,0,0
98,70.129,0,0
98,67.859,0,0
98,67.778,0,0
98,67.986,0,0
98,68.402,0,0
98,69.373,0,0
98,67.664,0,0
98,67.144,0,0
98,68.879,0,0
98,66.449,0,0
98,67.89,0,0
98,70.176,0,0
98,68.789,0,0
98,67.933,0,0
98,68.976,0,0
98,65.714,0,0
98,70.903,0,0
98,69.035,0,0
98,68.981,0,0
98,68.592,0,0
98,68.572,0,0
98,67.87,0,0
98,69.108,0,0
98,69.565,0,0
98,67.947,0,0
98,68.673,0,0
98,66.133,0,0
98,67.432,0,0
98,69.593,0,0
98,68.703,0,0
98,69.959,0,0
98,70.655,0,0
98,69.516,0,0
98,69.069,0,0
98,70.795,0,0
98,66.458,0,0
98,68.742,0,0
98,69.249,0,0
98,69.037,0,0
98,68.234,0,0
98,65.775,0,0
98,69.562,0,0
98,68.041,0,0
98,67.22,0,0
98,69.085,0,0
98,71.029,0,0
98,68.711,0,0
98,66.792,0,0
98,68.113,0,0
98,66.808,0,0
98,69.637,0,0
98,70.364,0,0
98,68.29,0,0
98,66.939,0,0
98,68.873,0,0
98,68.953,0,0
98,70.685,0,0
98,70.128,0,0
98,69.46,0,0
98,68.048,0,0
98,69.544,0,0
98,68.133,0,0
98,69.698,0,0
98,66.826,0,0
98,69.736,0,0
98,69.489,0,0
98,70.464,0,0
98,70.171,0,0
98,71.589,0,0
98,67.731,0,0
98,65.59,0,0
98,68.512,0,0
98,69.099,0,0
98,67.397,0,0
98,66.754,0,0
98,72.227,0,0
98,69.856,0,0
98,69.332,0,0
98,70.017,0,0
98,69.569,0,0
98,71.132,0,0
98,70.51,0,0
98,70.318,0,0
98,66.727,0,0
98,69.233,0,0
98,68.208,0,0
98,67.662,0,0
98,68.73,0,0
98,68.153,0,0
98,69.112,0,0
98,66.917,0,0
98,68.939,0,0
98,68.708,0,0
98,70.093,0,0
98,70.43,0,0
98,68.188,0,0
98,69.229,0,0
98,69.779,0,0
98,64.791,0,0
98,67.826,0,0
98,69.956,0,0
98,71.042,0,0
98,65.447,0,0
98,65.976,0,0
98,68.259,0,0
98,67.934,0,0
98,68.737,0,0
98,68.407,0,0
98,70.183,0,0
98,68.945,0,0
98,70.571,0,0
98,67.758,0,0
98,68.336,0,0
98,66.881,0,0
98,70.232,0,0
98,68.465,0,0
98,71.167,0,0
98,70.045,0,0
98,69.485,0,0
98,70.765,0,0
98,67.47,0,0
98,70.55,0,0
98,69.101,0,0
98,69.555,0,0
98,67.876,0,0
98,71.349,0,0
98,69.536,0,0
98,70.601,0,0
98,69.654,0,0
98,69.282,0,0
98,67.541,0,0
98,69.898,0,0
98,70.743,0,0
98,69.462,0,0
98,69.607,0,0
98,68.321,0,0
98,70.371,0,0
98,69.534,0,0
98,68.378,0,0
98,68.738,0,0
98,68.929,0,0
98,67.86,0,0
98,68.853,0,0
98,71.968,0,0
98,67.212,0,0
98,68.816,0,0
98,70.269,0,0
98,68.843,0,0
98,68.863,0,0
98,69.043,0,0
98,68.082,0,0
98,67.934,0,0
98,68.8,0,0
98,68.207,0,0
98,69.039,0,0
98,66.175,0,0
98,69.174,0,0
98,67.658,0,0
98,68.596,0,0
98,69.694,0,0
98,69.222,0,0
98,67.569,0,0
98,70.442,0,0
98,69.387,0,0
98,66.922,0,0
98,65.945,0,0
98,67.668,0,0
98,69.628,0,0
98,68.572,0,0
98,66.35,0,0
98,67.052,0,0
98,66.076,0,0
98,66.138,0,0
98,68.208,0,0
98,66.264,0,0
98,65.357,0,0
98,67.886,0,0
98,68.2,0,0
98,69.584,0,0
98,65.701,0,0
98,68.136,0,0
98,66.917,0,0
98,67.803,0,0
98,69.199,0,0
98,67.105,0,0
98,67.515,0,0
98,67.191,0,0
98,67.803,0,0
98,66.468,0,0
98,65.398,0,0
98,70.64,0,0
98,69.257,0,0
98,70.773,0,0
98,67.263,0,0
98,69.721,0,0
98,67.891,0,0
98,69.076,0,0
98,68.892,0,0
98,70.034,0,0
98,69.599,0,0
98,70.583,0,0
98,69.617,0,0
98,68.935,0,0
98,70.619,0,0
98,65.606,0,0
98,69.595,0,0
98,69.947,0,0
98,67.469,0,0
98,70.277,0,0
98,66.184,0,0
98,69.474,0,0
98,68.243,0,0
98,69.84,0,0
98,69.029,0,0
98,65.777,0,0
98,70.551,0,0
98,67.698,0,0
98,66.202,0,0
98,66.92,0,0
98,69.063,0,0
98,69.252,0,0
98,69.15,0,0
98,68.253,0,0
98,68.476,0,0
98,68.687,0,0
98,70.631,0,0
98,69.049,0,0
98,68.078,0,0
98,68.572,0,0
98,67.13,0,0
98,68.566,0,0
98,68.825,0,0
98,66.382,0,0
98,65.186,0,0
98,66.054,0,0
98,66.14,0,0
98,67.071,0,0
98,69.167,0,0
98,66.378,0,0
98,67.676,0,0
98,66.037,0,0
98,69.499,0,0
98,66.302,0,0
98,70.343,0,0
98,67.378,0,0
98,68.088,0,0
98,69.065,0,0
98,68.488,0,0
98,70.743,0,0
98,68.128,0,0
98,69.599,0,0
98,68.441,0,0
98,70.38,0,0
98,69.186,0,0
98,67.779,0,0
98,69.26,0,0
98,70.24,0,0
98,66.132,0,0
98,68.88,0,0
98,68.171,0,0
98,70.348,0,0
98,67.282,0,0
98,66.275,0,0
98,66.592,0,0
98,67.396,0,0
98,67.643,0,0
98,68.37,0,0
98,67.493,0,0
98,67.434,0,0
98,67.404,0,0
98,69.435,0,0
98,69.456,0,0
98,70.459,0,0
98,68.567,0,0
98,68.274,0,0
98,66.722,0,0
98,69.054,0,0
98,67.163,0,0
98,66.991,0,0
98,68.768,0,0
98,67.793,0,0
98,69.448,0,0
98,68.564,0,0
98,66.901,0,0
98,69.473,0,0
98,67.211,0,0
98,69.126,0,0
98,66.702,0,0
98,67.542,0,0
98,68.668,0,0
98,67.896,0,0
98,70.301,0,0
98,68.272,0,0
98,69.352,0,0
98,71.266,0,0
98,67.943,0,0
98,69.446,0,0
98,70.422,0,0
98,64.95,0,0
98,68.287,0,0
98,69.479,0,0
98,66.434,0,0
98,70.632,0,0
98,66.139,0,0
98,70.034,0,0
98,69.36,0,0
98,66.431,0,0
98,68.78,0,0
98,68.575,0,0
98,70.103,0,0
98,70.262,0,0
98,71.393,0,0
98,66.454,0,0
98,68.735,0,0
98,68.408,0,0
98,70.734,0,0
98,70.245,0,0
98,69.166,0,0
98,69.742,0,0
98,67.807,0,0
98,66.038,0,0
98,70.372,0,0
98,69.16,0,0
98,68.784,0,0
98,70.141,0,0
98,68.969,0,0
98,69.321,0,0
98,71.105,0,0
98,72.32,0,0
98,67.709,0,0
98,69.516,0,0
98,69.134,0,0
98,69.664,0,0
98,67.011,0,0
98,66.521,0,0
98,71.537,0,0
98,68.348,0,0
98,67.646,0,0
98,71.61,0,0
98,69.384,0,0
98,67.305,0,0
98,71.166,0,0
98,69.528,0,0
98,68.014,0,0
98,68.173,0,0
98,70.349,0,0
98,67.236,0,0
98,70.867,0,0
98,69.106,0,0
98,65.735,0,0
98,64.787,0,0
98,65.446,0,0
98,70.244,0,0
98,69.173,0,0
98,70.519,0,0
98,68.19,0,0
98,67.703,0,0
98,69.661,0,0
98,69.077,0,0
98,68.084,0,0
98,66.052,0,0
98,66.119,0,0
98,68.091,0,0
98,69.171,0,0
98,70.798,0,0
98,68.188,0,0
98,66.5,0,0
98,69.115,0,0
98,69.422,0,0
98,68.579,0,0
98,68.974,0,0
98,71.069,0,0
98,70.525,0,0
98,66.906,0,0
98,69.661,0,0
98,71.022,0,0
98,69.339,0,0
98,69.96,0,0
98,67.977,0,0
98,68.342,0,0
98,70.134,0,0
98,69.039,0,0
98,71.508,0,0
98,68.878,0,0
98,70.502,0,0
98,70.49,0,0
98,67.653,0,0
98,71.829,0,0
98,67.959,0,0
98,68.387,0,0
98,67.173,0,0
98,70.728,0,0
98,67.895,0,0
98,71.789,0,0
98,70.335,0,0
98,68.28,0,0
98,68.963,0,0
98,68.63,0,0
98,71.395,0,0
98,66.111,0,0
98,72.382,0,0
98,68.426,0,0
98,70.156,0,0
98,69.56,0,0
98,66.439,0,0
98,67.796,0,0
98,70.099,0,0
98,65.331,0,0
98,71.469,0,0
98,67.268,0,0
98,68.466,0,0
98,66.909,0,0
98,67.405,0,0
98,67.418,0,0
98,65.853,0,0
98,69.447,0,0
98,69.55,0,0
98,71.72,0,0
98,66.109,0,0
98,67.984,0,0
98,69.761,0,0
98,68.385,0,0
98,70.344,0,0
98,71.304,0,0
98,69.983,0,0
98,68.008,0,0
98,71.546,0,0
98,69.652,0,0
98,68.29,0,0
98,69.551,0,0
98,68.874,0,0
98,70.544,0,0
98,68.477,0,0
98,69.931,0,0
98,69.969,0,0
98,69.171,0,0
98,69.545,0,0
98,70.259,0,0
98,68.292,0,0
98,67.172,0,0
98,69.809,0,0
98,65.849,0,0
98,69.272,0,0
98,68.572,0,0
98,70.031,0,0
98,68.834,0,0
98,69.258,0,0
98,68.388,0,0
98,69.184,0,0
98,69.575,0,0
98,67.618,0,0
98,68.856,0,0
98,70.677,0,0
98,69.166,0,0
98,69.65,0,0
98,69.646,0,0
98,66.14,0,0
98,69.551,0,0
98,71.483,0,0
98,66.926,0,0
98,71.411,0,0
98,67.419,0,0
98,66.774,0,0
98,70.71,0,0
98,67.901,0,0
98,69.835,0,0
98,68.863,0,0
98,72.863,0,0
98,74.618,0,0
98,70.041,0,0
98,69.285,0,0
98,71.79,0,0
98,68.96,0,0
98,69.946,0,0
98,69.65,0,0
98,66.579,0,0
98,70.925,0,0
98,67.847,0,0
98,69.319,0,0
98,67.57,0,0
98,70.62,0,0
98,69.374,0,0
98,70.055,0,0
98,67.544,0,0
98,70.103,0,0
98,67.494,0,0
98,67.317,0,0
98,69.64,0,0
98,69.665,0,0
98,68.711,0,0
98,67.503,0,0
98,69.202,0,0
98,69.144,0,0
98,68.3,0,0
98,69.349,0,0
98,70.833,0,0
98,70.771,0,0
98,69.45,0,0
98,68.399,0,0
98,67.514,0,0
98,69.162,0,0
98,68.487,0,0
98,71.207,0,0
98,71.17,0,0
98,69.868,0,0
98,68.96,0,0
98,68.595,0,0
98,68.592,0,0
98,69.567,0,0
98,69.401,0,0
98,69.962,0,0
98,67.213,0,0
98,68.606,0,0
98,68.424,0,0
98,70.522,0,0
98,67.205,0,0
98,70.009,0,0
98,67.91,0,0
98,68.288,0,0
98,72.1,0,0
98,69.658,0,0
98,69.831,0,0
98,66.427,0,0
98,67.9,0,0
98,69.669,0,0
98,68.965,0,0
98,67.875,0,0
98,70.537,0,0
98,69.144,0,0
98,69.023,0,0
98,68.67,0,0
98,68.512,0,0
98,68.328,0,0
98,69.074,0,0
98,66.212,0,0
98,70.398,0,0
98,68.131,0,0
98,67.658,0,0
98,68.285,0,0
98,70.933,0,0
98,69.157,0,0
98,68.288,0,0
98,70.116,0,0
98,68.284,0,0
98,71.11,0,0
98,67.21,0,0
98,71.144,0,0
98,69.963,0,0
98,70.039,0,0
98,69.759,0,0
98,69.325,0,0
98,70.166,0,0
98,68.881,0,0
98,68.334,0,0
98,68.832,0,0
98,69.169,0,0
98,68.757,0,0
98,67.906,0,0
98,68.083,0,0
98,70.863,0,0
98,68.115,0,0
98,70.433,0,0
98,67.911,0,0
98,68.678,0,0
98,68.89,0,0
98,68.569,0,0
98,70.71,0,0
98,69.242,0,0
98,69.649,0,0
98,69.448,0,0
98,68.003,0,0
98,68.961,0,0
98,68.44,0,0
98,67.317,0,0
98,68.092,0,0
98,71.044,0,0
98,69.965,0,0
98,71.516,0,0
98,69.77,0,0
98,73.073,0,0
98,68.541,0,0
98,68.396,0,0
98,69.544,0,0
98,69.472,0,0
98,70.127,0,0
98,68.191,0,0
98,67.979,0,0
98,70.122,0,0
98,70.074,0,0
98,66.828,0,0
98,70.041,0,0
98,71.196,0,0
98,67.878,0,0
98,71.796,0,0
98,69.279,0,0
98,71.048,0,0
98,71.797,0,0
98,70.641,0,0
98,69.818,0,0
98,69.44,0,0
98,69.555,0,0
98,71.019,0,0
98,71.891,0,0
98,71.013,0,0
98,68.099,0,0
98,67.993,0,0
98,69.796,0,0
98,70.834,0,0
98,69.6,0,0
98,70.585,0,0
98,71.507,0,0
98,69.256,0,0
98,69.393,0,0
98,71.314,0,0
98,70.564,0,0
98,68.164,0,0
98,68.515,0,0
98,69.242,0,0
98,69.51,0,0
98,68.274,0,0
98,67.812,0,0
98,71.203,0,0
98,70.247,0,0
98,68.09,0,0
98,69.167,0,0
98,68.775,0,0
98,69.149,0,0
98,69.447,0,0
98,70.394,0,0
98,70.646,0,0
98,71.254,0,0
98,68.273,0,0
98,71.211,0,0
98,70.043,0,0
98,71.595,0,0
98,68.938,0,0
98,69.647,0,0
98,70.43,0,0
98,69.741,0,0
98,65.946,0,0
98,69.467,0,0
98,69.939,0,0
98,67.787,0,0
98,67.91,0,0
98,70.334,0,0
98,68.69,0,0
98,69.75,0,0
98,69.556,0,0
98,68.662,0,0
98,70.188,0,0
98,70.497,0,0
98,69.003,0,0
98,68.5,0,0
98,72.914,0,0
98,67.21,0,0
98,68.978,0,0
98,71.425,0,0
98,66.541,0,0
98,69.955,0,0
98,67.726,0,0
98,66.808,0,0
98,70.249,0,0
98,68.086,0,0
98,66.822,0,0
98,69.656,0,0
98,69.841,0,0
98,69.36,0,0
98,66.159,0,0
98,68.88,0,0
98,71.216,0,0
98,69.082,0,0
98,69.463,0,0
98,67.446,0,0
98,71.608,0,0
98,67.776,0,0
98,68.989,0,0
98,69.453,0,0
98,69.657,0,0
98,71.028,0,0
98,69.066,0,0
98,67.985,0,0
98,68.288,0,0
98,69.158,0,0
98,65.94,0,0
98,71.105,0,0
98,68.069,0,0
98,68.366,0,0
98,69.255,0,0
98,68.479,0,0
98,67.553,0,0
98,67.985,0,0
98,68.924,0,0
98,69.157,0,0
98,68.773,0,0
98,68.967,0,0
98,67.089,0,0
98,70.928,0,0
98,68.295,0,0
98,68.786,0,0
98,68.668,0,0
98,68.766,0,0
98,69.252,0,0
98,68.482,0,0
98,68.269,0,0
98,67.239,0,0
98,68.762,0,0
98,69.354,0,0
98,67.899,0,0
98,71.894,0,0
